# Verificarlo Analysis for parallel_3
# Source: parallel_3.c
# Type: DOUBLE, Precision: 53, Mode: mca
# Range: [1e10:0.01:1.0000000001e10], Iterations: 20
i x result
1 10000000000.00 8.00000000000000000e+10
2 10000000000.00 8.00000000000000000e+10
3 10000000000.00 7.99999999999999847e+10
4 10000000000.00 8.00000000000000153e+10
5 10000000000.00 8.00000000000000000e+10
6 10000000000.00 8.00000000000000000e+10
7 10000000000.00 7.99999999999999847e+10
8 10000000000.00 8.00000000000000000e+10
9 10000000000.00 8.00000000000000000e+10
10 10000000000.00 8.00000000000000000e+10
11 10000000000.00 8.00000000000000000e+10
12 10000000000.00 8.00000000000000153e+10
13 10000000000.00 7.99999999999999847e+10
14 10000000000.00 8.00000000000000000e+10
15 10000000000.00 7.99999999999999847e+10
16 10000000000.00 8.00000000000000000e+10
17 10000000000.00 8.00000000000000000e+10
18 10000000000.00 7.99999999999999847e+10
19 10000000000.00 8.00000000000000000e+10
20 10000000000.00 8.00000000000000000e+10
1 10000000000.01 8.00000000000800018e+10
2 10000000000.01 8.00000000000800018e+10
3 10000000000.01 8.00000000000800018e+10
4 10000000000.01 8.00000000000800018e+10
5 10000000000.01 8.00000000000799866e+10
6 10000000000.01 8.00000000000800018e+10
7 10000000000.01 8.00000000000800171e+10
8 10000000000.01 8.00000000000800018e+10
9 10000000000.01 8.00000000000800018e+10
10 10000000000.01 8.00000000000800018e+10
11 10000000000.01 8.00000000000800171e+10
12 10000000000.01 8.00000000000800018e+10
13 10000000000.01 8.00000000000800171e+10
14 10000000000.01 8.00000000000800018e+10
15 10000000000.01 8.00000000000800171e+10
16 10000000000.01 8.00000000000799866e+10
17 10000000000.01 8.00000000000800018e+10
18 10000000000.01 8.00000000000800018e+10
19 10000000000.01 8.00000000000800018e+10
20 10000000000.01 8.00000000000800171e+10
1 10000000000.02 8.00000000001600037e+10
2 10000000000.02 8.00000000001600037e+10
3 10000000000.02 8.00000000001599884e+10
4 10000000000.02 8.00000000001600037e+10
5 10000000000.02 8.00000000001600037e+10
6 10000000000.02 8.00000000001599884e+10
7 10000000000.02 8.00000000001599884e+10
8 10000000000.02 8.00000000001600037e+10
9 10000000000.02 8.00000000001599884e+10
10 10000000000.02 8.00000000001599884e+10
11 10000000000.02 8.00000000001599884e+10
12 10000000000.02 8.00000000001600037e+10
13 10000000000.02 8.00000000001600037e+10
14 10000000000.02 8.00000000001600189e+10
15 10000000000.02 8.00000000001600037e+10
16 10000000000.02 8.00000000001600037e+10
17 10000000000.02 8.00000000001600037e+10
18 10000000000.02 8.00000000001600189e+10
19 10000000000.02 8.00000000001599884e+10
20 10000000000.02 8.00000000001600037e+10
1 10000000000.03 8.00000000002399902e+10
2 10000000000.03 8.00000000002400055e+10
3 10000000000.03 8.00000000002400055e+10
4 10000000000.03 8.00000000002400055e+10
5 10000000000.03 8.00000000002400055e+10
6 10000000000.03 8.00000000002399902e+10
7 10000000000.03 8.00000000002399750e+10
8 10000000000.03 8.00000000002400055e+10
9 10000000000.03 8.00000000002399750e+10
10 10000000000.03 8.00000000002400055e+10
11 10000000000.03 8.00000000002400055e+10
12 10000000000.03 8.00000000002400055e+10
13 10000000000.03 8.00000000002400055e+10
14 10000000000.03 8.00000000002400055e+10
15 10000000000.03 8.00000000002400055e+10
16 10000000000.03 8.00000000002400055e+10
17 10000000000.03 8.00000000002399902e+10
18 10000000000.03 8.00000000002400055e+10
19 10000000000.03 8.00000000002399902e+10
20 10000000000.03 8.00000000002400208e+10
1 10000000000.04 8.00000000003200073e+10
2 10000000000.04 8.00000000003200073e+10
3 10000000000.04 8.00000000003200073e+10
4 10000000000.04 8.00000000003200073e+10
5 10000000000.04 8.00000000003200073e+10
6 10000000000.04 8.00000000003200073e+10
7 10000000000.04 8.00000000003200073e+10
8 10000000000.04 8.00000000003200073e+10
9 10000000000.04 8.00000000003200073e+10
10 10000000000.04 8.00000000003200073e+10
11 10000000000.04 8.00000000003200073e+10
12 10000000000.04 8.00000000003200073e+10
13 10000000000.04 8.00000000003200073e+10
14 10000000000.04 8.00000000003200226e+10
15 10000000000.04 8.00000000003200073e+10
16 10000000000.04 8.00000000003200073e+10
17 10000000000.04 8.00000000003200073e+10
18 10000000000.04 8.00000000003200073e+10
19 10000000000.04 8.00000000003199921e+10
20 10000000000.04 8.00000000003200073e+10
1 10000000000.05 8.00000000003999939e+10
2 10000000000.05 8.00000000003999786e+10
3 10000000000.05 8.00000000003999939e+10
4 10000000000.05 8.00000000003999939e+10
5 10000000000.05 8.00000000003999939e+10
6 10000000000.05 8.00000000003999939e+10
7 10000000000.05 8.00000000004000092e+10
8 10000000000.05 8.00000000004000092e+10
9 10000000000.05 8.00000000003999939e+10
10 10000000000.05 8.00000000003999939e+10
11 10000000000.05 8.00000000003999939e+10
12 10000000000.05 8.00000000003999939e+10
13 10000000000.05 8.00000000003999786e+10
14 10000000000.05 8.00000000004000092e+10
15 10000000000.05 8.00000000004000092e+10
16 10000000000.05 8.00000000003999786e+10
17 10000000000.05 8.00000000003999939e+10
18 10000000000.05 8.00000000004000092e+10
19 10000000000.05 8.00000000003999939e+10
20 10000000000.05 8.00000000003999939e+10
1 10000000000.06 8.00000000004799957e+10
2 10000000000.06 8.00000000004799957e+10
3 10000000000.06 8.00000000004799957e+10
4 10000000000.06 8.00000000004799805e+10
5 10000000000.06 8.00000000004800110e+10
6 10000000000.06 8.00000000004799805e+10
7 10000000000.06 8.00000000004799957e+10
8 10000000000.06 8.00000000004799957e+10
9 10000000000.06 8.00000000004799805e+10
10 10000000000.06 8.00000000004799805e+10
11 10000000000.06 8.00000000004800110e+10
12 10000000000.06 8.00000000004799957e+10
13 10000000000.06 8.00000000004799957e+10
14 10000000000.06 8.00000000004800110e+10
15 10000000000.06 8.00000000004799957e+10
16 10000000000.06 8.00000000004799957e+10
17 10000000000.06 8.00000000004799957e+10
18 10000000000.06 8.00000000004799957e+10
19 10000000000.06 8.00000000004799957e+10
20 10000000000.06 8.00000000004799957e+10
1 10000000000.07 8.00000000005599976e+10
2 10000000000.07 8.00000000005599976e+10
3 10000000000.07 8.00000000005599976e+10
4 10000000000.07 8.00000000005599976e+10
5 10000000000.07 8.00000000005599823e+10
6 10000000000.07 8.00000000005599823e+10
7 10000000000.07 8.00000000005599976e+10
8 10000000000.07 8.00000000005599976e+10
9 10000000000.07 8.00000000005599976e+10
10 10000000000.07 8.00000000005599976e+10
11 10000000000.07 8.00000000005599976e+10
12 10000000000.07 8.00000000005599976e+10
13 10000000000.07 8.00000000005599976e+10
14 10000000000.07 8.00000000005599976e+10
15 10000000000.07 8.00000000005599976e+10
16 10000000000.07 8.00000000005599976e+10
17 10000000000.07 8.00000000005599976e+10
18 10000000000.07 8.00000000005599976e+10
19 10000000000.07 8.00000000005599976e+10
20 10000000000.07 8.00000000005599976e+10
1 10000000000.08 8.00000000006399994e+10
2 10000000000.08 8.00000000006399994e+10
3 10000000000.08 8.00000000006399994e+10
4 10000000000.08 8.00000000006399994e+10
5 10000000000.08 8.00000000006400146e+10
6 10000000000.08 8.00000000006399994e+10
7 10000000000.08 8.00000000006399994e+10
8 10000000000.08 8.00000000006399994e+10
9 10000000000.08 8.00000000006399994e+10
10 10000000000.08 8.00000000006399841e+10
11 10000000000.08 8.00000000006400146e+10
12 10000000000.08 8.00000000006399994e+10
13 10000000000.08 8.00000000006399994e+10
14 10000000000.08 8.00000000006399994e+10
15 10000000000.08 8.00000000006399994e+10
16 10000000000.08 8.00000000006399841e+10
17 10000000000.08 8.00000000006400146e+10
18 10000000000.08 8.00000000006399994e+10
19 10000000000.08 8.00000000006399841e+10
20 10000000000.08 8.00000000006399994e+10
1 10000000000.09 8.00000000007200012e+10
2 10000000000.09 8.00000000007200012e+10
3 10000000000.09 8.00000000007200012e+10
4 10000000000.09 8.00000000007200165e+10
5 10000000000.09 8.00000000007200012e+10
6 10000000000.09 8.00000000007200012e+10
7 10000000000.09 8.00000000007200012e+10
8 10000000000.09 8.00000000007200012e+10
9 10000000000.09 8.00000000007200165e+10
10 10000000000.09 8.00000000007200012e+10
11 10000000000.09 8.00000000007200012e+10
12 10000000000.09 8.00000000007199860e+10
13 10000000000.09 8.00000000007199860e+10
14 10000000000.09 8.00000000007199860e+10
15 10000000000.09 8.00000000007200012e+10
16 10000000000.09 8.00000000007200012e+10
17 10000000000.09 8.00000000007200012e+10
18 10000000000.09 8.00000000007200012e+10
19 10000000000.09 8.00000000007199860e+10
20 10000000000.09 8.00000000007199860e+10
1 10000000000.10 8.00000000008000031e+10
2 10000000000.10 8.00000000008000031e+10
3 10000000000.10 8.00000000007999878e+10
4 10000000000.10 8.00000000008000031e+10
5 10000000000.10 8.00000000008000031e+10
6 10000000000.10 8.00000000008000031e+10
7 10000000000.10 8.00000000008000031e+10
8 10000000000.10 8.00000000008000031e+10
9 10000000000.10 8.00000000008000031e+10
10 10000000000.10 8.00000000008000031e+10
11 10000000000.10 8.00000000008000031e+10
12 10000000000.10 8.00000000008000031e+10
13 10000000000.10 8.00000000008000183e+10
14 10000000000.10 8.00000000008000031e+10
15 10000000000.10 8.00000000008000031e+10
16 10000000000.10 8.00000000008000031e+10
17 10000000000.10 8.00000000008000031e+10
18 10000000000.10 8.00000000008000031e+10
19 10000000000.10 8.00000000008000183e+10
20 10000000000.10 8.00000000008000183e+10
1 10000000000.11 8.00000000008800049e+10
2 10000000000.11 8.00000000008800049e+10
3 10000000000.11 8.00000000008800049e+10
4 10000000000.11 8.00000000008800049e+10
5 10000000000.11 8.00000000008800049e+10
6 10000000000.11 8.00000000008800049e+10
7 10000000000.11 8.00000000008799896e+10
8 10000000000.11 8.00000000008800049e+10
9 10000000000.11 8.00000000008800201e+10
10 10000000000.11 8.00000000008800049e+10
11 10000000000.11 8.00000000008800049e+10
12 10000000000.11 8.00000000008800049e+10
13 10000000000.11 8.00000000008800049e+10
14 10000000000.11 8.00000000008800049e+10
15 10000000000.11 8.00000000008800049e+10
16 10000000000.11 8.00000000008800049e+10
17 10000000000.11 8.00000000008800049e+10
18 10000000000.11 8.00000000008800049e+10
19 10000000000.11 8.00000000008800049e+10
20 10000000000.11 8.00000000008799896e+10
1 10000000000.12 8.00000000009600067e+10
2 10000000000.12 8.00000000009599915e+10
3 10000000000.12 8.00000000009600067e+10
4 10000000000.12 8.00000000009600067e+10
5 10000000000.12 8.00000000009600067e+10
6 10000000000.12 8.00000000009600067e+10
7 10000000000.12 8.00000000009599915e+10
8 10000000000.12 8.00000000009600067e+10
9 10000000000.12 8.00000000009600067e+10
10 10000000000.12 8.00000000009599915e+10
11 10000000000.12 8.00000000009599915e+10
12 10000000000.12 8.00000000009599915e+10
13 10000000000.12 8.00000000009600067e+10
14 10000000000.12 8.00000000009600067e+10
15 10000000000.12 8.00000000009600067e+10
16 10000000000.12 8.00000000009600067e+10
17 10000000000.12 8.00000000009600220e+10
18 10000000000.12 8.00000000009600067e+10
19 10000000000.12 8.00000000009600067e+10
20 10000000000.12 8.00000000009600067e+10
1 10000000000.13 8.00000000010399933e+10
2 10000000000.13 8.00000000010399933e+10
3 10000000000.13 8.00000000010399933e+10
4 10000000000.13 8.00000000010399780e+10
5 10000000000.13 8.00000000010399933e+10
6 10000000000.13 8.00000000010399933e+10
7 10000000000.13 8.00000000010399933e+10
8 10000000000.13 8.00000000010399933e+10
9 10000000000.13 8.00000000010400085e+10
10 10000000000.13 8.00000000010400085e+10
11 10000000000.13 8.00000000010399933e+10
12 10000000000.13 8.00000000010399933e+10
13 10000000000.13 8.00000000010400085e+10
14 10000000000.13 8.00000000010400085e+10
15 10000000000.13 8.00000000010399780e+10
16 10000000000.13 8.00000000010399933e+10
17 10000000000.13 8.00000000010399933e+10
18 10000000000.13 8.00000000010399933e+10
19 10000000000.13 8.00000000010399933e+10
20 10000000000.13 8.00000000010399933e+10
1 10000000000.14 8.00000000011199951e+10
2 10000000000.14 8.00000000011199799e+10
3 10000000000.14 8.00000000011199951e+10
4 10000000000.14 8.00000000011199951e+10
5 10000000000.14 8.00000000011199951e+10
6 10000000000.14 8.00000000011199951e+10
7 10000000000.14 8.00000000011199799e+10
8 10000000000.14 8.00000000011199951e+10
9 10000000000.14 8.00000000011199951e+10
10 10000000000.14 8.00000000011200104e+10
11 10000000000.14 8.00000000011199951e+10
12 10000000000.14 8.00000000011199951e+10
13 10000000000.14 8.00000000011199951e+10
14 10000000000.14 8.00000000011199799e+10
15 10000000000.14 8.00000000011199951e+10
16 10000000000.14 8.00000000011200104e+10
17 10000000000.14 8.00000000011200104e+10
18 10000000000.14 8.00000000011199951e+10
19 10000000000.14 8.00000000011199951e+10
20 10000000000.14 8.00000000011200104e+10
1 10000000000.15 8.00000000011999969e+10
2 10000000000.15 8.00000000011999969e+10
3 10000000000.15 8.00000000011999817e+10
4 10000000000.15 8.00000000011999969e+10
5 10000000000.15 8.00000000011999969e+10
6 10000000000.15 8.00000000011999969e+10
7 10000000000.15 8.00000000011999969e+10
8 10000000000.15 8.00000000011999969e+10
9 10000000000.15 8.00000000011999969e+10
10 10000000000.15 8.00000000012000122e+10
11 10000000000.15 8.00000000011999969e+10
12 10000000000.15 8.00000000011999817e+10
13 10000000000.15 8.00000000011999969e+10
14 10000000000.15 8.00000000011999969e+10
15 10000000000.15 8.00000000012000275e+10
16 10000000000.15 8.00000000011999969e+10
17 10000000000.15 8.00000000011999969e+10
18 10000000000.15 8.00000000012000122e+10
19 10000000000.15 8.00000000012000122e+10
20 10000000000.15 8.00000000011999969e+10
1 10000000000.16 8.00000000012799835e+10
2 10000000000.16 8.00000000012799988e+10
3 10000000000.16 8.00000000012799988e+10
4 10000000000.16 8.00000000012799988e+10
5 10000000000.16 8.00000000012799988e+10
6 10000000000.16 8.00000000012800140e+10
7 10000000000.16 8.00000000012800140e+10
8 10000000000.16 8.00000000012799988e+10
9 10000000000.16 8.00000000012799988e+10
10 10000000000.16 8.00000000012799988e+10
11 10000000000.16 8.00000000012799988e+10
12 10000000000.16 8.00000000012799988e+10
13 10000000000.16 8.00000000012799988e+10
14 10000000000.16 8.00000000012800140e+10
15 10000000000.16 8.00000000012799988e+10
16 10000000000.16 8.00000000012799988e+10
17 10000000000.16 8.00000000012799988e+10
18 10000000000.16 8.00000000012799835e+10
19 10000000000.16 8.00000000012800140e+10
20 10000000000.16 8.00000000012799988e+10
1 10000000000.17 8.00000000013600006e+10
2 10000000000.17 8.00000000013600159e+10
3 10000000000.17 8.00000000013600006e+10
4 10000000000.17 8.00000000013600006e+10
5 10000000000.17 8.00000000013600006e+10
6 10000000000.17 8.00000000013600006e+10
7 10000000000.17 8.00000000013600159e+10
8 10000000000.17 8.00000000013600006e+10
9 10000000000.17 8.00000000013599854e+10
10 10000000000.17 8.00000000013600006e+10
11 10000000000.17 8.00000000013599854e+10
12 10000000000.17 8.00000000013599854e+10
13 10000000000.17 8.00000000013600006e+10
14 10000000000.17 8.00000000013600006e+10
15 10000000000.17 8.00000000013600006e+10
16 10000000000.17 8.00000000013600006e+10
17 10000000000.17 8.00000000013599854e+10
18 10000000000.17 8.00000000013599854e+10
19 10000000000.17 8.00000000013599854e+10
20 10000000000.17 8.00000000013599854e+10
1 10000000000.18 8.00000000014400024e+10
2 10000000000.18 8.00000000014400024e+10
3 10000000000.18 8.00000000014399872e+10
4 10000000000.18 8.00000000014400024e+10
5 10000000000.18 8.00000000014400024e+10
6 10000000000.18 8.00000000014400024e+10
7 10000000000.18 8.00000000014400024e+10
8 10000000000.18 8.00000000014400024e+10
9 10000000000.18 8.00000000014400024e+10
10 10000000000.18 8.00000000014399872e+10
11 10000000000.18 8.00000000014400024e+10
12 10000000000.18 8.00000000014399872e+10
13 10000000000.18 8.00000000014400024e+10
14 10000000000.18 8.00000000014399872e+10
15 10000000000.18 8.00000000014400177e+10
16 10000000000.18 8.00000000014400177e+10
17 10000000000.18 8.00000000014400024e+10
18 10000000000.18 8.00000000014400024e+10
19 10000000000.18 8.00000000014400024e+10
20 10000000000.18 8.00000000014400024e+10
1 10000000000.19 8.00000000015199890e+10
2 10000000000.19 8.00000000015200043e+10
3 10000000000.19 8.00000000015200195e+10
4 10000000000.19 8.00000000015200043e+10
5 10000000000.19 8.00000000015200043e+10
6 10000000000.19 8.00000000015199890e+10
7 10000000000.19 8.00000000015200043e+10
8 10000000000.19 8.00000000015199890e+10
9 10000000000.19 8.00000000015200043e+10
10 10000000000.19 8.00000000015200043e+10
11 10000000000.19 8.00000000015200195e+10
12 10000000000.19 8.00000000015200043e+10
13 10000000000.19 8.00000000015200195e+10
14 10000000000.19 8.00000000015200043e+10
15 10000000000.19 8.00000000015200043e+10
16 10000000000.19 8.00000000015200043e+10
17 10000000000.19 8.00000000015200043e+10
18 10000000000.19 8.00000000015200043e+10
19 10000000000.19 8.00000000015200043e+10
20 10000000000.19 8.00000000015200043e+10
1 10000000000.20 8.00000000016000061e+10
2 10000000000.20 8.00000000016000061e+10
3 10000000000.20 8.00000000016000061e+10
4 10000000000.20 8.00000000016000061e+10
5 10000000000.20 8.00000000016000214e+10
6 10000000000.20 8.00000000016000061e+10
7 10000000000.20 8.00000000016000061e+10
8 10000000000.20 8.00000000016000061e+10
9 10000000000.20 8.00000000016000061e+10
10 10000000000.20 8.00000000016000061e+10
11 10000000000.20 8.00000000016000061e+10
12 10000000000.20 8.00000000015999908e+10
13 10000000000.20 8.00000000016000061e+10
14 10000000000.20 8.00000000015999908e+10
15 10000000000.20 8.00000000015999908e+10
16 10000000000.20 8.00000000016000061e+10
17 10000000000.20 8.00000000015999908e+10
18 10000000000.20 8.00000000016000061e+10
19 10000000000.20 8.00000000015999908e+10
20 10000000000.20 8.00000000016000061e+10
1 10000000000.21 8.00000000016799927e+10
2 10000000000.21 8.00000000016799927e+10
3 10000000000.21 8.00000000016799774e+10
4 10000000000.21 8.00000000016800079e+10
5 10000000000.21 8.00000000016799927e+10
6 10000000000.21 8.00000000016800079e+10
7 10000000000.21 8.00000000016800079e+10
8 10000000000.21 8.00000000016799927e+10
9 10000000000.21 8.00000000016799774e+10
10 10000000000.21 8.00000000016799927e+10
11 10000000000.21 8.00000000016799927e+10
12 10000000000.21 8.00000000016800079e+10
13 10000000000.21 8.00000000016800079e+10
14 10000000000.21 8.00000000016799927e+10
15 10000000000.21 8.00000000016799774e+10
16 10000000000.21 8.00000000016799927e+10
17 10000000000.21 8.00000000016799927e+10
18 10000000000.21 8.00000000016799927e+10
19 10000000000.21 8.00000000016799927e+10
20 10000000000.21 8.00000000016799927e+10
1 10000000000.22 8.00000000017599945e+10
2 10000000000.22 8.00000000017599945e+10
3 10000000000.22 8.00000000017600098e+10
4 10000000000.22 8.00000000017599945e+10
5 10000000000.22 8.00000000017599792e+10
6 10000000000.22 8.00000000017599945e+10
7 10000000000.22 8.00000000017599945e+10
8 10000000000.22 8.00000000017599945e+10
9 10000000000.22 8.00000000017599945e+10
10 10000000000.22 8.00000000017599792e+10
11 10000000000.22 8.00000000017599945e+10
12 10000000000.22 8.00000000017599792e+10
13 10000000000.22 8.00000000017599945e+10
14 10000000000.22 8.00000000017599945e+10
15 10000000000.22 8.00000000017599945e+10
16 10000000000.22 8.00000000017600098e+10
17 10000000000.22 8.00000000017599945e+10
18 10000000000.22 8.00000000017599945e+10
19 10000000000.22 8.00000000017599792e+10
20 10000000000.22 8.00000000017599640e+10
1 10000000000.23 8.00000000018400116e+10
2 10000000000.23 8.00000000018399963e+10
3 10000000000.23 8.00000000018400116e+10
4 10000000000.23 8.00000000018400116e+10
5 10000000000.23 8.00000000018399963e+10
6 10000000000.23 8.00000000018400116e+10
7 10000000000.23 8.00000000018400116e+10
8 10000000000.23 8.00000000018399811e+10
9 10000000000.23 8.00000000018399963e+10
10 10000000000.23 8.00000000018399963e+10
11 10000000000.23 8.00000000018399963e+10
12 10000000000.23 8.00000000018399963e+10
13 10000000000.23 8.00000000018399963e+10
14 10000000000.23 8.00000000018399963e+10
15 10000000000.23 8.00000000018399963e+10
16 10000000000.23 8.00000000018399963e+10
17 10000000000.23 8.00000000018399963e+10
18 10000000000.23 8.00000000018399963e+10
19 10000000000.23 8.00000000018400116e+10
20 10000000000.23 8.00000000018400116e+10
1 10000000000.24 8.00000000019199982e+10
2 10000000000.24 8.00000000019199982e+10
3 10000000000.24 8.00000000019199982e+10
4 10000000000.24 8.00000000019199982e+10
5 10000000000.24 8.00000000019199982e+10
6 10000000000.24 8.00000000019199982e+10
7 10000000000.24 8.00000000019199982e+10
8 10000000000.24 8.00000000019200134e+10
9 10000000000.24 8.00000000019199829e+10
10 10000000000.24 8.00000000019200134e+10
11 10000000000.24 8.00000000019199982e+10
12 10000000000.24 8.00000000019199982e+10
13 10000000000.24 8.00000000019199982e+10
14 10000000000.24 8.00000000019199982e+10
15 10000000000.24 8.00000000019200134e+10
16 10000000000.24 8.00000000019199982e+10
17 10000000000.24 8.00000000019199982e+10
18 10000000000.24 8.00000000019199982e+10
19 10000000000.24 8.00000000019199982e+10
20 10000000000.24 8.00000000019199982e+10
1 10000000000.25 8.00000000020000000e+10
2 10000000000.25 8.00000000020000000e+10
3 10000000000.25 8.00000000020000000e+10
4 10000000000.25 8.00000000020000000e+10
5 10000000000.25 8.00000000019999847e+10
6 10000000000.25 8.00000000020000000e+10
7 10000000000.25 8.00000000020000000e+10
8 10000000000.25 8.00000000020000153e+10
9 10000000000.25 8.00000000019999847e+10
10 10000000000.25 8.00000000020000000e+10
11 10000000000.25 8.00000000020000000e+10
12 10000000000.25 8.00000000019999847e+10
13 10000000000.25 8.00000000020000000e+10
14 10000000000.25 8.00000000019999847e+10
15 10000000000.25 8.00000000020000000e+10
16 10000000000.25 8.00000000020000000e+10
17 10000000000.25 8.00000000020000000e+10
18 10000000000.25 8.00000000020000000e+10
19 10000000000.25 8.00000000020000000e+10
20 10000000000.25 8.00000000020000000e+10
1 10000000000.26 8.00000000020800171e+10
2 10000000000.26 8.00000000020800018e+10
3 10000000000.26 8.00000000020800018e+10
4 10000000000.26 8.00000000020800018e+10
5 10000000000.26 8.00000000020800171e+10
6 10000000000.26 8.00000000020800018e+10
7 10000000000.26 8.00000000020800018e+10
8 10000000000.26 8.00000000020799866e+10
9 10000000000.26 8.00000000020800018e+10
10 10000000000.26 8.00000000020800018e+10
11 10000000000.26 8.00000000020800018e+10
12 10000000000.26 8.00000000020800018e+10
13 10000000000.26 8.00000000020800018e+10
14 10000000000.26 8.00000000020800018e+10
15 10000000000.26 8.00000000020800171e+10
16 10000000000.26 8.00000000020800018e+10
17 10000000000.26 8.00000000020799866e+10
18 10000000000.26 8.00000000020800171e+10
19 10000000000.26 8.00000000020800018e+10
20 10000000000.26 8.00000000020799866e+10
1 10000000000.27 8.00000000021600189e+10
2 10000000000.27 8.00000000021599884e+10
3 10000000000.27 8.00000000021600189e+10
4 10000000000.27 8.00000000021600037e+10
5 10000000000.27 8.00000000021599884e+10
6 10000000000.27 8.00000000021600037e+10
7 10000000000.27 8.00000000021600037e+10
8 10000000000.27 8.00000000021600037e+10
9 10000000000.27 8.00000000021599884e+10
10 10000000000.27 8.00000000021600037e+10
11 10000000000.27 8.00000000021599884e+10
12 10000000000.27 8.00000000021600037e+10
13 10000000000.27 8.00000000021599884e+10
14 10000000000.27 8.00000000021600189e+10
15 10000000000.27 8.00000000021600037e+10
16 10000000000.27 8.00000000021600037e+10
17 10000000000.27 8.00000000021600037e+10
18 10000000000.27 8.00000000021600037e+10
19 10000000000.27 8.00000000021600189e+10
20 10000000000.27 8.00000000021600037e+10
1 10000000000.28 8.00000000022399902e+10
2 10000000000.28 8.00000000022399902e+10
3 10000000000.28 8.00000000022399902e+10
4 10000000000.28 8.00000000022400055e+10
5 10000000000.28 8.00000000022400055e+10
6 10000000000.28 8.00000000022400055e+10
7 10000000000.28 8.00000000022400055e+10
8 10000000000.28 8.00000000022399902e+10
9 10000000000.28 8.00000000022399902e+10
10 10000000000.28 8.00000000022400055e+10
11 10000000000.28 8.00000000022400055e+10
12 10000000000.28 8.00000000022400055e+10
13 10000000000.28 8.00000000022399902e+10
14 10000000000.28 8.00000000022400055e+10
15 10000000000.28 8.00000000022399902e+10
16 10000000000.28 8.00000000022400055e+10
17 10000000000.28 8.00000000022400055e+10
18 10000000000.28 8.00000000022400055e+10
19 10000000000.28 8.00000000022400055e+10
20 10000000000.28 8.00000000022400055e+10
1 10000000000.29 8.00000000023200073e+10
2 10000000000.29 8.00000000023200073e+10
3 10000000000.29 8.00000000023200073e+10
4 10000000000.29 8.00000000023200073e+10
5 10000000000.29 8.00000000023200073e+10
6 10000000000.29 8.00000000023200073e+10
7 10000000000.29 8.00000000023199921e+10
8 10000000000.29 8.00000000023200073e+10
9 10000000000.29 8.00000000023200073e+10
10 10000000000.29 8.00000000023200226e+10
11 10000000000.29 8.00000000023200073e+10
12 10000000000.29 8.00000000023200226e+10
13 10000000000.29 8.00000000023199921e+10
14 10000000000.29 8.00000000023200073e+10
15 10000000000.29 8.00000000023200073e+10
16 10000000000.29 8.00000000023200073e+10
17 10000000000.29 8.00000000023200073e+10
18 10000000000.29 8.00000000023200073e+10
19 10000000000.29 8.00000000023200073e+10
20 10000000000.29 8.00000000023200226e+10
1 10000000000.30 8.00000000023999939e+10
2 10000000000.30 8.00000000023999939e+10
3 10000000000.30 8.00000000023999939e+10
4 10000000000.30 8.00000000023999939e+10
5 10000000000.30 8.00000000023999939e+10
6 10000000000.30 8.00000000023999939e+10
7 10000000000.30 8.00000000023999939e+10
8 10000000000.30 8.00000000023999786e+10
9 10000000000.30 8.00000000023999939e+10
10 10000000000.30 8.00000000023999939e+10
11 10000000000.30 8.00000000023999786e+10
12 10000000000.30 8.00000000023999939e+10
13 10000000000.30 8.00000000023999939e+10
14 10000000000.30 8.00000000023999939e+10
15 10000000000.30 8.00000000023999939e+10
16 10000000000.30 8.00000000024000092e+10
17 10000000000.30 8.00000000023999786e+10
18 10000000000.30 8.00000000024000092e+10
19 10000000000.30 8.00000000023999939e+10
20 10000000000.30 8.00000000023999939e+10
1 10000000000.31 8.00000000024799957e+10
2 10000000000.31 8.00000000024800110e+10
3 10000000000.31 8.00000000024799957e+10
4 10000000000.31 8.00000000024799957e+10
5 10000000000.31 8.00000000024799957e+10
6 10000000000.31 8.00000000024799957e+10
7 10000000000.31 8.00000000024799957e+10
8 10000000000.31 8.00000000024799957e+10
9 10000000000.31 8.00000000024799805e+10
10 10000000000.31 8.00000000024799805e+10
11 10000000000.31 8.00000000024799957e+10
12 10000000000.31 8.00000000024799957e+10
13 10000000000.31 8.00000000024799957e+10
14 10000000000.31 8.00000000024799957e+10
15 10000000000.31 8.00000000024799957e+10
16 10000000000.31 8.00000000024799957e+10
17 10000000000.31 8.00000000024799957e+10
18 10000000000.31 8.00000000024799805e+10
19 10000000000.31 8.00000000024800110e+10
20 10000000000.31 8.00000000024799957e+10
1 10000000000.32 8.00000000025599823e+10
2 10000000000.32 8.00000000025599976e+10
3 10000000000.32 8.00000000025599976e+10
4 10000000000.32 8.00000000025599976e+10
5 10000000000.32 8.00000000025599823e+10
6 10000000000.32 8.00000000025599976e+10
7 10000000000.32 8.00000000025599976e+10
8 10000000000.32 8.00000000025599823e+10
9 10000000000.32 8.00000000025599976e+10
10 10000000000.32 8.00000000025599976e+10
11 10000000000.32 8.00000000025599823e+10
12 10000000000.32 8.00000000025600128e+10
13 10000000000.32 8.00000000025599976e+10
14 10000000000.32 8.00000000025600128e+10
15 10000000000.32 8.00000000025599976e+10
16 10000000000.32 8.00000000025599823e+10
17 10000000000.32 8.00000000025599976e+10
18 10000000000.32 8.00000000025599976e+10
19 10000000000.32 8.00000000025600128e+10
20 10000000000.32 8.00000000025599823e+10
1 10000000000.33 8.00000000026399994e+10
2 10000000000.33 8.00000000026399994e+10
3 10000000000.33 8.00000000026399994e+10
4 10000000000.33 8.00000000026399994e+10
5 10000000000.33 8.00000000026399994e+10
6 10000000000.33 8.00000000026399841e+10
7 10000000000.33 8.00000000026399994e+10
8 10000000000.33 8.00000000026399994e+10
9 10000000000.33 8.00000000026399994e+10
10 10000000000.33 8.00000000026399994e+10
11 10000000000.33 8.00000000026399994e+10
12 10000000000.33 8.00000000026399841e+10
13 10000000000.33 8.00000000026400146e+10
14 10000000000.33 8.00000000026399994e+10
15 10000000000.33 8.00000000026399994e+10
16 10000000000.33 8.00000000026399841e+10
17 10000000000.33 8.00000000026399994e+10
18 10000000000.33 8.00000000026399841e+10
19 10000000000.33 8.00000000026399994e+10
20 10000000000.33 8.00000000026400146e+10
1 10000000000.34 8.00000000027200012e+10
2 10000000000.34 8.00000000027199860e+10
3 10000000000.34 8.00000000027200012e+10
4 10000000000.34 8.00000000027200165e+10
5 10000000000.34 8.00000000027199860e+10
6 10000000000.34 8.00000000027200012e+10
7 10000000000.34 8.00000000027200012e+10
8 10000000000.34 8.00000000027199860e+10
9 10000000000.34 8.00000000027200012e+10
10 10000000000.34 8.00000000027200012e+10
11 10000000000.34 8.00000000027200012e+10
12 10000000000.34 8.00000000027200012e+10
13 10000000000.34 8.00000000027200012e+10
14 10000000000.34 8.00000000027200012e+10
15 10000000000.34 8.00000000027200012e+10
16 10000000000.34 8.00000000027200012e+10
17 10000000000.34 8.00000000027200012e+10
18 10000000000.34 8.00000000027200012e+10
19 10000000000.34 8.00000000027200012e+10
20 10000000000.34 8.00000000027200012e+10
1 10000000000.35 8.00000000028000183e+10
2 10000000000.35 8.00000000028000031e+10
3 10000000000.35 8.00000000028000031e+10
4 10000000000.35 8.00000000028000183e+10
5 10000000000.35 8.00000000028000031e+10
6 10000000000.35 8.00000000028000031e+10
7 10000000000.35 8.00000000028000031e+10
8 10000000000.35 8.00000000028000183e+10
9 10000000000.35 8.00000000028000031e+10
10 10000000000.35 8.00000000028000031e+10
11 10000000000.35 8.00000000027999878e+10
12 10000000000.35 8.00000000027999878e+10
13 10000000000.35 8.00000000027999878e+10
14 10000000000.35 8.00000000027999878e+10
15 10000000000.35 8.00000000028000031e+10
16 10000000000.35 8.00000000028000031e+10
17 10000000000.35 8.00000000027999878e+10
18 10000000000.35 8.00000000028000031e+10
19 10000000000.35 8.00000000028000031e+10
20 10000000000.35 8.00000000028000183e+10
1 10000000000.36 8.00000000028800049e+10
2 10000000000.36 8.00000000028800049e+10
3 10000000000.36 8.00000000028800049e+10
4 10000000000.36 8.00000000028800049e+10
5 10000000000.36 8.00000000028800049e+10
6 10000000000.36 8.00000000028800201e+10
7 10000000000.36 8.00000000028800049e+10
8 10000000000.36 8.00000000028800049e+10
9 10000000000.36 8.00000000028800049e+10
10 10000000000.36 8.00000000028799896e+10
11 10000000000.36 8.00000000028799896e+10
12 10000000000.36 8.00000000028800201e+10
13 10000000000.36 8.00000000028800201e+10
14 10000000000.36 8.00000000028800049e+10
15 10000000000.36 8.00000000028800049e+10
16 10000000000.36 8.00000000028800049e+10
17 10000000000.36 8.00000000028800049e+10
18 10000000000.36 8.00000000028800049e+10
19 10000000000.36 8.00000000028800201e+10
20 10000000000.36 8.00000000028800049e+10
1 10000000000.37 8.00000000029599915e+10
2 10000000000.37 8.00000000029600067e+10
3 10000000000.37 8.00000000029600067e+10
4 10000000000.37 8.00000000029600067e+10
5 10000000000.37 8.00000000029600220e+10
6 10000000000.37 8.00000000029600067e+10
7 10000000000.37 8.00000000029600220e+10
8 10000000000.37 8.00000000029599915e+10
9 10000000000.37 8.00000000029600067e+10
10 10000000000.37 8.00000000029600067e+10
11 10000000000.37 8.00000000029600067e+10
12 10000000000.37 8.00000000029600067e+10
13 10000000000.37 8.00000000029600067e+10
14 10000000000.37 8.00000000029600067e+10
15 10000000000.37 8.00000000029599915e+10
16 10000000000.37 8.00000000029600067e+10
17 10000000000.37 8.00000000029600220e+10
18 10000000000.37 8.00000000029600067e+10
19 10000000000.37 8.00000000029599915e+10
20 10000000000.37 8.00000000029600067e+10
1 10000000000.38 8.00000000030399780e+10
2 10000000000.38 8.00000000030399933e+10
3 10000000000.38 8.00000000030399780e+10
4 10000000000.38 8.00000000030399780e+10
5 10000000000.38 8.00000000030399933e+10
6 10000000000.38 8.00000000030399780e+10
7 10000000000.38 8.00000000030399933e+10
8 10000000000.38 8.00000000030399933e+10
9 10000000000.38 8.00000000030399933e+10
10 10000000000.38 8.00000000030400085e+10
11 10000000000.38 8.00000000030400085e+10
12 10000000000.38 8.00000000030399780e+10
13 10000000000.38 8.00000000030399933e+10
14 10000000000.38 8.00000000030399780e+10
15 10000000000.38 8.00000000030400085e+10
16 10000000000.38 8.00000000030399933e+10
17 10000000000.38 8.00000000030399933e+10
18 10000000000.38 8.00000000030399933e+10
19 10000000000.38 8.00000000030399933e+10
20 10000000000.38 8.00000000030399933e+10
1 10000000000.39 8.00000000031199951e+10
2 10000000000.39 8.00000000031200104e+10
3 10000000000.39 8.00000000031199951e+10
4 10000000000.39 8.00000000031199951e+10
5 10000000000.39 8.00000000031199951e+10
6 10000000000.39 8.00000000031199799e+10
7 10000000000.39 8.00000000031199951e+10
8 10000000000.39 8.00000000031199799e+10
9 10000000000.39 8.00000000031199951e+10
10 10000000000.39 8.00000000031199951e+10
11 10000000000.39 8.00000000031199951e+10
12 10000000000.39 8.00000000031199951e+10
13 10000000000.39 8.00000000031199951e+10
14 10000000000.39 8.00000000031199951e+10
15 10000000000.39 8.00000000031199799e+10
16 10000000000.39 8.00000000031199951e+10
17 10000000000.39 8.00000000031199951e+10
18 10000000000.39 8.00000000031199951e+10
19 10000000000.39 8.00000000031199951e+10
20 10000000000.39 8.00000000031199951e+10
1 10000000000.40 8.00000000032000122e+10
2 10000000000.40 8.00000000031999969e+10
3 10000000000.40 8.00000000031999969e+10
4 10000000000.40 8.00000000031999969e+10
5 10000000000.40 8.00000000032000122e+10
6 10000000000.40 8.00000000031999969e+10
7 10000000000.40 8.00000000031999969e+10
8 10000000000.40 8.00000000031999969e+10
9 10000000000.40 8.00000000031999969e+10
10 10000000000.40 8.00000000031999969e+10
11 10000000000.40 8.00000000031999817e+10
12 10000000000.40 8.00000000032000122e+10
13 10000000000.40 8.00000000031999969e+10
14 10000000000.40 8.00000000031999969e+10
15 10000000000.40 8.00000000031999969e+10
16 10000000000.40 8.00000000031999817e+10
17 10000000000.40 8.00000000031999969e+10
18 10000000000.40 8.00000000031999969e+10
19 10000000000.40 8.00000000031999969e+10
20 10000000000.40 8.00000000031999817e+10
1 10000000000.41 8.00000000032799988e+10
2 10000000000.41 8.00000000032799988e+10
3 10000000000.41 8.00000000032799835e+10
4 10000000000.41 8.00000000032799988e+10
5 10000000000.41 8.00000000032799988e+10
6 10000000000.41 8.00000000032799835e+10
7 10000000000.41 8.00000000032799835e+10
8 10000000000.41 8.00000000032799988e+10
9 10000000000.41 8.00000000032799988e+10
10 10000000000.41 8.00000000032799988e+10
11 10000000000.41 8.00000000032799988e+10
12 10000000000.41 8.00000000032799988e+10
13 10000000000.41 8.00000000032800140e+10
14 10000000000.41 8.00000000032799988e+10
15 10000000000.41 8.00000000032799988e+10
16 10000000000.41 8.00000000032799988e+10
17 10000000000.41 8.00000000032799988e+10
18 10000000000.41 8.00000000032799988e+10
19 10000000000.41 8.00000000032799988e+10
20 10000000000.41 8.00000000032799835e+10
1 10000000000.42 8.00000000033600006e+10
2 10000000000.42 8.00000000033600159e+10
3 10000000000.42 8.00000000033599854e+10
4 10000000000.42 8.00000000033600006e+10
5 10000000000.42 8.00000000033600006e+10
6 10000000000.42 8.00000000033600006e+10
7 10000000000.42 8.00000000033600159e+10
8 10000000000.42 8.00000000033599854e+10
9 10000000000.42 8.00000000033600006e+10
10 10000000000.42 8.00000000033600006e+10
11 10000000000.42 8.00000000033600006e+10
12 10000000000.42 8.00000000033600006e+10
13 10000000000.42 8.00000000033600006e+10
14 10000000000.42 8.00000000033600006e+10
15 10000000000.42 8.00000000033600006e+10
16 10000000000.42 8.00000000033599854e+10
17 10000000000.42 8.00000000033600006e+10
18 10000000000.42 8.00000000033600006e+10
19 10000000000.42 8.00000000033600006e+10
20 10000000000.42 8.00000000033599854e+10
1 10000000000.43 8.00000000034400024e+10
2 10000000000.43 8.00000000034400177e+10
3 10000000000.43 8.00000000034400024e+10
4 10000000000.43 8.00000000034400024e+10
5 10000000000.43 8.00000000034400024e+10
6 10000000000.43 8.00000000034400024e+10
7 10000000000.43 8.00000000034400024e+10
8 10000000000.43 8.00000000034400177e+10
9 10000000000.43 8.00000000034400024e+10
10 10000000000.43 8.00000000034400024e+10
11 10000000000.43 8.00000000034400177e+10
12 10000000000.43 8.00000000034400024e+10
13 10000000000.43 8.00000000034400024e+10
14 10000000000.43 8.00000000034400024e+10
15 10000000000.43 8.00000000034400024e+10
16 10000000000.43 8.00000000034400024e+10
17 10000000000.43 8.00000000034399872e+10
18 10000000000.43 8.00000000034400024e+10
19 10000000000.43 8.00000000034400024e+10
20 10000000000.43 8.00000000034400024e+10
1 10000000000.44 8.00000000035200043e+10
2 10000000000.44 8.00000000035199890e+10
3 10000000000.44 8.00000000035200043e+10
4 10000000000.44 8.00000000035199890e+10
5 10000000000.44 8.00000000035199890e+10
6 10000000000.44 8.00000000035200043e+10
7 10000000000.44 8.00000000035200043e+10
8 10000000000.44 8.00000000035200043e+10
9 10000000000.44 8.00000000035200043e+10
10 10000000000.44 8.00000000035200043e+10
11 10000000000.44 8.00000000035200043e+10
12 10000000000.44 8.00000000035200043e+10
13 10000000000.44 8.00000000035200043e+10
14 10000000000.44 8.00000000035199890e+10
15 10000000000.44 8.00000000035200043e+10
16 10000000000.44 8.00000000035200043e+10
17 10000000000.44 8.00000000035200043e+10
18 10000000000.44 8.00000000035200043e+10
19 10000000000.44 8.00000000035200195e+10
20 10000000000.44 8.00000000035200043e+10
1 10000000000.45 8.00000000036000061e+10
2 10000000000.45 8.00000000036000061e+10
3 10000000000.45 8.00000000036000061e+10
4 10000000000.45 8.00000000035999908e+10
5 10000000000.45 8.00000000035999908e+10
6 10000000000.45 8.00000000035999908e+10
7 10000000000.45 8.00000000036000061e+10
8 10000000000.45 8.00000000036000061e+10
9 10000000000.45 8.00000000035999908e+10
10 10000000000.45 8.00000000036000061e+10
11 10000000000.45 8.00000000035999908e+10
12 10000000000.45 8.00000000036000061e+10
13 10000000000.45 8.00000000036000061e+10
14 10000000000.45 8.00000000036000061e+10
15 10000000000.45 8.00000000036000214e+10
16 10000000000.45 8.00000000036000061e+10
17 10000000000.45 8.00000000036000061e+10
18 10000000000.45 8.00000000036000061e+10
19 10000000000.45 8.00000000036000214e+10
20 10000000000.45 8.00000000036000061e+10
1 10000000000.46 8.00000000036800079e+10
2 10000000000.46 8.00000000036799927e+10
3 10000000000.46 8.00000000036799927e+10
4 10000000000.46 8.00000000036799927e+10
5 10000000000.46 8.00000000036799927e+10
6 10000000000.46 8.00000000036799927e+10
7 10000000000.46 8.00000000036799927e+10
8 10000000000.46 8.00000000036799927e+10
9 10000000000.46 8.00000000036799927e+10
10 10000000000.46 8.00000000036800079e+10
11 10000000000.46 8.00000000036799927e+10
12 10000000000.46 8.00000000036799774e+10
13 10000000000.46 8.00000000036799774e+10
14 10000000000.46 8.00000000036799774e+10
15 10000000000.46 8.00000000036799774e+10
16 10000000000.46 8.00000000036799927e+10
17 10000000000.46 8.00000000036799774e+10
18 10000000000.46 8.00000000036799927e+10
19 10000000000.46 8.00000000036800079e+10
20 10000000000.46 8.00000000036799927e+10
1 10000000000.47 8.00000000037599792e+10
2 10000000000.47 8.00000000037599945e+10
3 10000000000.47 8.00000000037600098e+10
4 10000000000.47 8.00000000037599945e+10
5 10000000000.47 8.00000000037599945e+10
6 10000000000.47 8.00000000037599945e+10
7 10000000000.47 8.00000000037599945e+10
8 10000000000.47 8.00000000037599792e+10
9 10000000000.47 8.00000000037599945e+10
10 10000000000.47 8.00000000037600098e+10
11 10000000000.47 8.00000000037599945e+10
12 10000000000.47 8.00000000037599945e+10
13 10000000000.47 8.00000000037599792e+10
14 10000000000.47 8.00000000037599945e+10
15 10000000000.47 8.00000000037599945e+10
16 10000000000.47 8.00000000037599945e+10
17 10000000000.47 8.00000000037599945e+10
18 10000000000.47 8.00000000037599792e+10
19 10000000000.47 8.00000000037599945e+10
20 10000000000.47 8.00000000037599945e+10
1 10000000000.48 8.00000000038400116e+10
2 10000000000.48 8.00000000038400116e+10
3 10000000000.48 8.00000000038399963e+10
4 10000000000.48 8.00000000038399963e+10
5 10000000000.48 8.00000000038399963e+10
6 10000000000.48 8.00000000038399963e+10
7 10000000000.48 8.00000000038399963e+10
8 10000000000.48 8.00000000038399811e+10
9 10000000000.48 8.00000000038400269e+10
10 10000000000.48 8.00000000038399963e+10
11 10000000000.48 8.00000000038400116e+10
12 10000000000.48 8.00000000038399963e+10
13 10000000000.48 8.00000000038399963e+10
14 10000000000.48 8.00000000038399963e+10
15 10000000000.48 8.00000000038399963e+10
16 10000000000.48 8.00000000038399963e+10
17 10000000000.48 8.00000000038399963e+10
18 10000000000.48 8.00000000038399963e+10
19 10000000000.48 8.00000000038399811e+10
20 10000000000.48 8.00000000038399963e+10
1 10000000000.49 8.00000000039199982e+10
2 10000000000.49 8.00000000039200134e+10
3 10000000000.49 8.00000000039199982e+10
4 10000000000.49 8.00000000039199982e+10
5 10000000000.49 8.00000000039199982e+10
6 10000000000.49 8.00000000039199829e+10
7 10000000000.49 8.00000000039199829e+10
8 10000000000.49 8.00000000039199982e+10
9 10000000000.49 8.00000000039199982e+10
10 10000000000.49 8.00000000039200134e+10
11 10000000000.49 8.00000000039200134e+10
12 10000000000.49 8.00000000039199982e+10
13 10000000000.49 8.00000000039199982e+10
14 10000000000.49 8.00000000039199829e+10
15 10000000000.49 8.00000000039199982e+10
16 10000000000.49 8.00000000039199982e+10
17 10000000000.49 8.00000000039199982e+10
18 10000000000.49 8.00000000039199982e+10
19 10000000000.49 8.00000000039199982e+10
20 10000000000.49 8.00000000039199982e+10
1 10000000000.50 8.00000000040000000e+10
2 10000000000.50 8.00000000040000153e+10
3 10000000000.50 8.00000000040000000e+10
4 10000000000.50 8.00000000040000000e+10
5 10000000000.50 8.00000000039999847e+10
6 10000000000.50 8.00000000040000000e+10
7 10000000000.50 8.00000000040000000e+10
8 10000000000.50 8.00000000040000000e+10
9 10000000000.50 8.00000000040000000e+10
10 10000000000.50 8.00000000040000153e+10
11 10000000000.50 8.00000000039999847e+10
12 10000000000.50 8.00000000040000000e+10
13 10000000000.50 8.00000000040000153e+10
14 10000000000.50 8.00000000040000305e+10
15 10000000000.50 8.00000000040000153e+10
16 10000000000.50 8.00000000040000000e+10
17 10000000000.50 8.00000000040000153e+10
18 10000000000.50 8.00000000040000000e+10
19 10000000000.50 8.00000000040000000e+10
20 10000000000.50 8.00000000039999847e+10
1 10000000000.51 8.00000000040799866e+10
2 10000000000.51 8.00000000040800018e+10
3 10000000000.51 8.00000000040800018e+10
4 10000000000.51 8.00000000040799866e+10
5 10000000000.51 8.00000000040800171e+10
6 10000000000.51 8.00000000040800171e+10
7 10000000000.51 8.00000000040800018e+10
8 10000000000.51 8.00000000040799866e+10
9 10000000000.51 8.00000000040800018e+10
10 10000000000.51 8.00000000040799866e+10
11 10000000000.51 8.00000000040800018e+10
12 10000000000.51 8.00000000040800018e+10
13 10000000000.51 8.00000000040800171e+10
14 10000000000.51 8.00000000040800018e+10
15 10000000000.51 8.00000000040800018e+10
16 10000000000.51 8.00000000040800018e+10
17 10000000000.51 8.00000000040800018e+10
18 10000000000.51 8.00000000040800171e+10
19 10000000000.51 8.00000000040800018e+10
20 10000000000.51 8.00000000040800018e+10
1 10000000000.52 8.00000000041600037e+10
2 10000000000.52 8.00000000041600189e+10
3 10000000000.52 8.00000000041600037e+10
4 10000000000.52 8.00000000041600037e+10
5 10000000000.52 8.00000000041600037e+10
6 10000000000.52 8.00000000041600037e+10
7 10000000000.52 8.00000000041600189e+10
8 10000000000.52 8.00000000041600037e+10
9 10000000000.52 8.00000000041600037e+10
10 10000000000.52 8.00000000041600037e+10
11 10000000000.52 8.00000000041600189e+10
12 10000000000.52 8.00000000041600037e+10
13 10000000000.52 8.00000000041600037e+10
14 10000000000.52 8.00000000041600037e+10
15 10000000000.52 8.00000000041599884e+10
16 10000000000.52 8.00000000041600037e+10
17 10000000000.52 8.00000000041600189e+10
18 10000000000.52 8.00000000041600037e+10
19 10000000000.52 8.00000000041600037e+10
20 10000000000.52 8.00000000041599884e+10
1 10000000000.53 8.00000000042400055e+10
2 10000000000.53 8.00000000042400055e+10
3 10000000000.53 8.00000000042400055e+10
4 10000000000.53 8.00000000042400055e+10
5 10000000000.53 8.00000000042400055e+10
6 10000000000.53 8.00000000042400055e+10
7 10000000000.53 8.00000000042400055e+10
8 10000000000.53 8.00000000042400055e+10
9 10000000000.53 8.00000000042400055e+10
10 10000000000.53 8.00000000042400055e+10
11 10000000000.53 8.00000000042399902e+10
12 10000000000.53 8.00000000042400055e+10
13 10000000000.53 8.00000000042400055e+10
14 10000000000.53 8.00000000042400208e+10
15 10000000000.53 8.00000000042400055e+10
16 10000000000.53 8.00000000042400055e+10
17 10000000000.53 8.00000000042400055e+10
18 10000000000.53 8.00000000042400208e+10
19 10000000000.53 8.00000000042399902e+10
20 10000000000.53 8.00000000042400055e+10
1 10000000000.54 8.00000000043200073e+10
2 10000000000.54 8.00000000043200073e+10
3 10000000000.54 8.00000000043199921e+10
4 10000000000.54 8.00000000043200073e+10
5 10000000000.54 8.00000000043200073e+10
6 10000000000.54 8.00000000043200073e+10
7 10000000000.54 8.00000000043199921e+10
8 10000000000.54 8.00000000043200073e+10
9 10000000000.54 8.00000000043200073e+10
10 10000000000.54 8.00000000043199921e+10
11 10000000000.54 8.00000000043199921e+10
12 10000000000.54 8.00000000043200073e+10
13 10000000000.54 8.00000000043200073e+10
14 10000000000.54 8.00000000043199921e+10
15 10000000000.54 8.00000000043200226e+10
16 10000000000.54 8.00000000043200226e+10
17 10000000000.54 8.00000000043200073e+10
18 10000000000.54 8.00000000043200226e+10
19 10000000000.54 8.00000000043200073e+10
20 10000000000.54 8.00000000043200226e+10
1 10000000000.55 8.00000000043999939e+10
2 10000000000.55 8.00000000043999939e+10
3 10000000000.55 8.00000000043999939e+10
4 10000000000.55 8.00000000043999939e+10
5 10000000000.55 8.00000000043999939e+10
6 10000000000.55 8.00000000043999786e+10
7 10000000000.55 8.00000000044000092e+10
8 10000000000.55 8.00000000043999786e+10
9 10000000000.55 8.00000000043999939e+10
10 10000000000.55 8.00000000043999939e+10
11 10000000000.55 8.00000000044000092e+10
12 10000000000.55 8.00000000043999939e+10
13 10000000000.55 8.00000000043999939e+10
14 10000000000.55 8.00000000044000092e+10
15 10000000000.55 8.00000000043999939e+10
16 10000000000.55 8.00000000043999939e+10
17 10000000000.55 8.00000000043999939e+10
18 10000000000.55 8.00000000043999939e+10
19 10000000000.55 8.00000000043999939e+10
20 10000000000.55 8.00000000044000092e+10
1 10000000000.56 8.00000000044799957e+10
2 10000000000.56 8.00000000044800110e+10
3 10000000000.56 8.00000000044799957e+10
4 10000000000.56 8.00000000044799805e+10
5 10000000000.56 8.00000000044800110e+10
6 10000000000.56 8.00000000044799957e+10
7 10000000000.56 8.00000000044799957e+10
8 10000000000.56 8.00000000044799957e+10
9 10000000000.56 8.00000000044799957e+10
10 10000000000.56 8.00000000044799805e+10
11 10000000000.56 8.00000000044799957e+10
12 10000000000.56 8.00000000044799805e+10
13 10000000000.56 8.00000000044799957e+10
14 10000000000.56 8.00000000044799957e+10
15 10000000000.56 8.00000000044799957e+10
16 10000000000.56 8.00000000044799957e+10
17 10000000000.56 8.00000000044799957e+10
18 10000000000.56 8.00000000044799957e+10
19 10000000000.56 8.00000000044799957e+10
20 10000000000.56 8.00000000044799957e+10
1 10000000000.57 8.00000000045599976e+10
2 10000000000.57 8.00000000045599976e+10
3 10000000000.57 8.00000000045599823e+10
4 10000000000.57 8.00000000045599976e+10
5 10000000000.57 8.00000000045599976e+10
6 10000000000.57 8.00000000045600128e+10
7 10000000000.57 8.00000000045599823e+10
8 10000000000.57 8.00000000045599976e+10
9 10000000000.57 8.00000000045599976e+10
10 10000000000.57 8.00000000045599976e+10
11 10000000000.57 8.00000000045599976e+10
12 10000000000.57 8.00000000045599976e+10
13 10000000000.57 8.00000000045599976e+10
14 10000000000.57 8.00000000045599976e+10
15 10000000000.57 8.00000000045599976e+10
16 10000000000.57 8.00000000045599976e+10
17 10000000000.57 8.00000000045599976e+10
18 10000000000.57 8.00000000045599976e+10
19 10000000000.57 8.00000000045599976e+10
20 10000000000.57 8.00000000045600128e+10
1 10000000000.58 8.00000000046400146e+10
2 10000000000.58 8.00000000046399994e+10
3 10000000000.58 8.00000000046399994e+10
4 10000000000.58 8.00000000046399994e+10
5 10000000000.58 8.00000000046399841e+10
6 10000000000.58 8.00000000046399841e+10
7 10000000000.58 8.00000000046399841e+10
8 10000000000.58 8.00000000046400146e+10
9 10000000000.58 8.00000000046399994e+10
10 10000000000.58 8.00000000046399994e+10
11 10000000000.58 8.00000000046399994e+10
12 10000000000.58 8.00000000046399994e+10
13 10000000000.58 8.00000000046399841e+10
14 10000000000.58 8.00000000046399994e+10
15 10000000000.58 8.00000000046399994e+10
16 10000000000.58 8.00000000046400146e+10
17 10000000000.58 8.00000000046399841e+10
18 10000000000.58 8.00000000046399994e+10
19 10000000000.58 8.00000000046399994e+10
20 10000000000.58 8.00000000046399994e+10
1 10000000000.59 8.00000000047200012e+10
2 10000000000.59 8.00000000047200165e+10
3 10000000000.59 8.00000000047199860e+10
4 10000000000.59 8.00000000047199860e+10
5 10000000000.59 8.00000000047200012e+10
6 10000000000.59 8.00000000047200012e+10
7 10000000000.59 8.00000000047200012e+10
8 10000000000.59 8.00000000047200012e+10
9 10000000000.59 8.00000000047200012e+10
10 10000000000.59 8.00000000047200012e+10
11 10000000000.59 8.00000000047200165e+10
12 10000000000.59 8.00000000047200012e+10
13 10000000000.59 8.00000000047200012e+10
14 10000000000.59 8.00000000047200165e+10
15 10000000000.59 8.00000000047200012e+10
16 10000000000.59 8.00000000047200012e+10
17 10000000000.59 8.00000000047200012e+10
18 10000000000.59 8.00000000047199860e+10
19 10000000000.59 8.00000000047200012e+10
20 10000000000.59 8.00000000047200165e+10
1 10000000000.60 8.00000000048000031e+10
2 10000000000.60 8.00000000048000031e+10
3 10000000000.60 8.00000000048000183e+10
4 10000000000.60 8.00000000047999878e+10
5 10000000000.60 8.00000000048000031e+10
6 10000000000.60 8.00000000048000031e+10
7 10000000000.60 8.00000000048000031e+10
8 10000000000.60 8.00000000048000031e+10
9 10000000000.60 8.00000000048000183e+10
10 10000000000.60 8.00000000047999878e+10
11 10000000000.60 8.00000000047999878e+10
12 10000000000.60 8.00000000048000031e+10
13 10000000000.60 8.00000000048000031e+10
14 10000000000.60 8.00000000048000031e+10
15 10000000000.60 8.00000000048000031e+10
16 10000000000.60 8.00000000047999878e+10
17 10000000000.60 8.00000000048000031e+10
18 10000000000.60 8.00000000048000031e+10
19 10000000000.60 8.00000000048000031e+10
20 10000000000.60 8.00000000047999878e+10
1 10000000000.61 8.00000000048800201e+10
2 10000000000.61 8.00000000048800049e+10
3 10000000000.61 8.00000000048800049e+10
4 10000000000.61 8.00000000048800049e+10
5 10000000000.61 8.00000000048800049e+10
6 10000000000.61 8.00000000048800049e+10
7 10000000000.61 8.00000000048799896e+10
8 10000000000.61 8.00000000048800049e+10
9 10000000000.61 8.00000000048800049e+10
10 10000000000.61 8.00000000048800049e+10
11 10000000000.61 8.00000000048800049e+10
12 10000000000.61 8.00000000048800049e+10
13 10000000000.61 8.00000000048799896e+10
14 10000000000.61 8.00000000048800049e+10
15 10000000000.61 8.00000000048800049e+10
16 10000000000.61 8.00000000048800049e+10
17 10000000000.61 8.00000000048800049e+10
18 10000000000.61 8.00000000048799896e+10
19 10000000000.61 8.00000000048799896e+10
20 10000000000.61 8.00000000048800049e+10
1 10000000000.62 8.00000000049600067e+10
2 10000000000.62 8.00000000049600067e+10
3 10000000000.62 8.00000000049600220e+10
4 10000000000.62 8.00000000049600067e+10
5 10000000000.62 8.00000000049600220e+10
6 10000000000.62 8.00000000049600067e+10
7 10000000000.62 8.00000000049600067e+10
8 10000000000.62 8.00000000049600067e+10
9 10000000000.62 8.00000000049600067e+10
10 10000000000.62 8.00000000049599915e+10
11 10000000000.62 8.00000000049599915e+10
12 10000000000.62 8.00000000049600067e+10
13 10000000000.62 8.00000000049600067e+10
14 10000000000.62 8.00000000049599915e+10
15 10000000000.62 8.00000000049600067e+10
16 10000000000.62 8.00000000049600067e+10
17 10000000000.62 8.00000000049600067e+10
18 10000000000.62 8.00000000049599762e+10
19 10000000000.62 8.00000000049600067e+10
20 10000000000.62 8.00000000049600067e+10
1 10000000000.63 8.00000000050399780e+10
2 10000000000.63 8.00000000050399933e+10
3 10000000000.63 8.00000000050399933e+10
4 10000000000.63 8.00000000050399933e+10
5 10000000000.63 8.00000000050400085e+10
6 10000000000.63 8.00000000050399933e+10
7 10000000000.63 8.00000000050399780e+10
8 10000000000.63 8.00000000050399780e+10
9 10000000000.63 8.00000000050399933e+10
10 10000000000.63 8.00000000050399780e+10
11 10000000000.63 8.00000000050399933e+10
12 10000000000.63 8.00000000050399933e+10
13 10000000000.63 8.00000000050399933e+10
14 10000000000.63 8.00000000050399933e+10
15 10000000000.63 8.00000000050400085e+10
16 10000000000.63 8.00000000050399933e+10
17 10000000000.63 8.00000000050399780e+10
18 10000000000.63 8.00000000050399933e+10
19 10000000000.63 8.00000000050399933e+10
20 10000000000.63 8.00000000050399780e+10
1 10000000000.64 8.00000000051199951e+10
2 10000000000.64 8.00000000051199951e+10
3 10000000000.64 8.00000000051199951e+10
4 10000000000.64 8.00000000051199799e+10
5 10000000000.64 8.00000000051199951e+10
6 10000000000.64 8.00000000051199951e+10
7 10000000000.64 8.00000000051199951e+10
8 10000000000.64 8.00000000051199799e+10
9 10000000000.64 8.00000000051199799e+10
10 10000000000.64 8.00000000051199799e+10
11 10000000000.64 8.00000000051200104e+10
12 10000000000.64 8.00000000051200104e+10
13 10000000000.64 8.00000000051199951e+10
14 10000000000.64 8.00000000051200104e+10
15 10000000000.64 8.00000000051199951e+10
16 10000000000.64 8.00000000051200104e+10
17 10000000000.64 8.00000000051199951e+10
18 10000000000.64 8.00000000051199951e+10
19 10000000000.64 8.00000000051199951e+10
20 10000000000.64 8.00000000051199951e+10
1 10000000000.65 8.00000000051999969e+10
2 10000000000.65 8.00000000052000122e+10
3 10000000000.65 8.00000000051999969e+10
4 10000000000.65 8.00000000051999969e+10
5 10000000000.65 8.00000000051999969e+10
6 10000000000.65 8.00000000051999969e+10
7 10000000000.65 8.00000000051999817e+10
8 10000000000.65 8.00000000051999969e+10
9 10000000000.65 8.00000000051999969e+10
10 10000000000.65 8.00000000051999969e+10
11 10000000000.65 8.00000000051999969e+10
12 10000000000.65 8.00000000051999969e+10
13 10000000000.65 8.00000000051999969e+10
14 10000000000.65 8.00000000051999969e+10
15 10000000000.65 8.00000000052000122e+10
16 10000000000.65 8.00000000051999817e+10
17 10000000000.65 8.00000000052000122e+10
18 10000000000.65 8.00000000051999969e+10
19 10000000000.65 8.00000000051999969e+10
20 10000000000.65 8.00000000051999969e+10
1 10000000000.66 8.00000000052799988e+10
2 10000000000.66 8.00000000052799835e+10
3 10000000000.66 8.00000000052799835e+10
4 10000000000.66 8.00000000052800140e+10
5 10000000000.66 8.00000000052799988e+10
6 10000000000.66 8.00000000052800140e+10
7 10000000000.66 8.00000000052799988e+10
8 10000000000.66 8.00000000052800140e+10
9 10000000000.66 8.00000000052799988e+10
10 10000000000.66 8.00000000052799988e+10
11 10000000000.66 8.00000000052799988e+10
12 10000000000.66 8.00000000052799988e+10
13 10000000000.66 8.00000000052799988e+10
14 10000000000.66 8.00000000052800140e+10
15 10000000000.66 8.00000000052799988e+10
16 10000000000.66 8.00000000052799835e+10
17 10000000000.66 8.00000000052799988e+10
18 10000000000.66 8.00000000052799988e+10
19 10000000000.66 8.00000000052799988e+10
20 10000000000.66 8.00000000052799988e+10
1 10000000000.67 8.00000000053600006e+10
2 10000000000.67 8.00000000053600006e+10
3 10000000000.67 8.00000000053600006e+10
4 10000000000.67 8.00000000053600006e+10
5 10000000000.67 8.00000000053599854e+10
6 10000000000.67 8.00000000053600006e+10
7 10000000000.67 8.00000000053600006e+10
8 10000000000.67 8.00000000053600006e+10
9 10000000000.67 8.00000000053600006e+10
10 10000000000.67 8.00000000053600159e+10
11 10000000000.67 8.00000000053600006e+10
12 10000000000.67 8.00000000053600006e+10
13 10000000000.67 8.00000000053599854e+10
14 10000000000.67 8.00000000053600006e+10
15 10000000000.67 8.00000000053600159e+10
16 10000000000.67 8.00000000053600006e+10
17 10000000000.67 8.00000000053599854e+10
18 10000000000.67 8.00000000053600006e+10
19 10000000000.67 8.00000000053600006e+10
20 10000000000.67 8.00000000053600006e+10
1 10000000000.68 8.00000000054400024e+10
2 10000000000.68 8.00000000054400177e+10
3 10000000000.68 8.00000000054400024e+10
4 10000000000.68 8.00000000054400024e+10
5 10000000000.68 8.00000000054399872e+10
6 10000000000.68 8.00000000054400024e+10
7 10000000000.68 8.00000000054400024e+10
8 10000000000.68 8.00000000054400024e+10
9 10000000000.68 8.00000000054399872e+10
10 10000000000.68 8.00000000054400024e+10
11 10000000000.68 8.00000000054400177e+10
12 10000000000.68 8.00000000054400024e+10
13 10000000000.68 8.00000000054400024e+10
14 10000000000.68 8.00000000054400177e+10
15 10000000000.68 8.00000000054400024e+10
16 10000000000.68 8.00000000054400024e+10
17 10000000000.68 8.00000000054400024e+10
18 10000000000.68 8.00000000054400024e+10
19 10000000000.68 8.00000000054400177e+10
20 10000000000.68 8.00000000054400024e+10
1 10000000000.69 8.00000000055200043e+10
2 10000000000.69 8.00000000055200043e+10
3 10000000000.69 8.00000000055200195e+10
4 10000000000.69 8.00000000055200043e+10
5 10000000000.69 8.00000000055200195e+10
6 10000000000.69 8.00000000055199890e+10
7 10000000000.69 8.00000000055200195e+10
8 10000000000.69 8.00000000055200043e+10
9 10000000000.69 8.00000000055200043e+10
10 10000000000.69 8.00000000055199890e+10
11 10000000000.69 8.00000000055200043e+10
12 10000000000.69 8.00000000055200043e+10
13 10000000000.69 8.00000000055200043e+10
14 10000000000.69 8.00000000055200043e+10
15 10000000000.69 8.00000000055200043e+10
16 10000000000.69 8.00000000055200195e+10
17 10000000000.69 8.00000000055199890e+10
18 10000000000.69 8.00000000055200043e+10
19 10000000000.69 8.00000000055199890e+10
20 10000000000.69 8.00000000055200043e+10
1 10000000000.70 8.00000000056000061e+10
2 10000000000.70 8.00000000056000214e+10
3 10000000000.70 8.00000000056000061e+10
4 10000000000.70 8.00000000056000061e+10
5 10000000000.70 8.00000000056000061e+10
6 10000000000.70 8.00000000056000061e+10
7 10000000000.70 8.00000000056000061e+10
8 10000000000.70 8.00000000056000061e+10
9 10000000000.70 8.00000000055999908e+10
10 10000000000.70 8.00000000056000061e+10
11 10000000000.70 8.00000000056000214e+10
12 10000000000.70 8.00000000056000061e+10
13 10000000000.70 8.00000000056000214e+10
14 10000000000.70 8.00000000056000061e+10
15 10000000000.70 8.00000000056000214e+10
16 10000000000.70 8.00000000055999908e+10
17 10000000000.70 8.00000000056000061e+10
18 10000000000.70 8.00000000056000214e+10
19 10000000000.70 8.00000000055999908e+10
20 10000000000.70 8.00000000056000061e+10
1 10000000000.71 8.00000000056799927e+10
2 10000000000.71 8.00000000056799774e+10
3 10000000000.71 8.00000000056799927e+10
4 10000000000.71 8.00000000056799774e+10
5 10000000000.71 8.00000000056799927e+10
6 10000000000.71 8.00000000056799927e+10
7 10000000000.71 8.00000000056800079e+10
8 10000000000.71 8.00000000056799774e+10
9 10000000000.71 8.00000000056799927e+10
10 10000000000.71 8.00000000056799927e+10
11 10000000000.71 8.00000000056799927e+10
12 10000000000.71 8.00000000056799927e+10
13 10000000000.71 8.00000000056799774e+10
14 10000000000.71 8.00000000056799927e+10
15 10000000000.71 8.00000000056799927e+10
16 10000000000.71 8.00000000056799927e+10
17 10000000000.71 8.00000000056799774e+10
18 10000000000.71 8.00000000056800079e+10
19 10000000000.71 8.00000000056799927e+10
20 10000000000.71 8.00000000056799927e+10
1 10000000000.72 8.00000000057599945e+10
2 10000000000.72 8.00000000057599945e+10
3 10000000000.72 8.00000000057599945e+10
4 10000000000.72 8.00000000057599945e+10
5 10000000000.72 8.00000000057599945e+10
6 10000000000.72 8.00000000057599945e+10
7 10000000000.72 8.00000000057599945e+10
8 10000000000.72 8.00000000057599792e+10
9 10000000000.72 8.00000000057599945e+10
10 10000000000.72 8.00000000057599945e+10
11 10000000000.72 8.00000000057599945e+10
12 10000000000.72 8.00000000057599945e+10
13 10000000000.72 8.00000000057599945e+10
14 10000000000.72 8.00000000057599945e+10
15 10000000000.72 8.00000000057599945e+10
16 10000000000.72 8.00000000057599945e+10
17 10000000000.72 8.00000000057600098e+10
18 10000000000.72 8.00000000057599945e+10
19 10000000000.72 8.00000000057600098e+10
20 10000000000.72 8.00000000057599945e+10
1 10000000000.73 8.00000000058400116e+10
2 10000000000.73 8.00000000058399963e+10
3 10000000000.73 8.00000000058399963e+10
4 10000000000.73 8.00000000058399811e+10
5 10000000000.73 8.00000000058399963e+10
6 10000000000.73 8.00000000058399963e+10
7 10000000000.73 8.00000000058399963e+10
8 10000000000.73 8.00000000058399963e+10
9 10000000000.73 8.00000000058399811e+10
10 10000000000.73 8.00000000058399963e+10
11 10000000000.73 8.00000000058400116e+10
12 10000000000.73 8.00000000058399963e+10
13 10000000000.73 8.00000000058399963e+10
14 10000000000.73 8.00000000058399963e+10
15 10000000000.73 8.00000000058399811e+10
16 10000000000.73 8.00000000058399963e+10
17 10000000000.73 8.00000000058400116e+10
18 10000000000.73 8.00000000058399963e+10
19 10000000000.73 8.00000000058399963e+10
20 10000000000.73 8.00000000058399963e+10
1 10000000000.74 8.00000000059199982e+10
2 10000000000.74 8.00000000059199982e+10
3 10000000000.74 8.00000000059199982e+10
4 10000000000.74 8.00000000059199982e+10
5 10000000000.74 8.00000000059200134e+10
6 10000000000.74 8.00000000059199982e+10
7 10000000000.74 8.00000000059199982e+10
8 10000000000.74 8.00000000059199982e+10
9 10000000000.74 8.00000000059200134e+10
10 10000000000.74 8.00000000059199982e+10
11 10000000000.74 8.00000000059199982e+10
12 10000000000.74 8.00000000059199982e+10
13 10000000000.74 8.00000000059199982e+10
14 10000000000.74 8.00000000059199982e+10
15 10000000000.74 8.00000000059199982e+10
16 10000000000.74 8.00000000059199982e+10
17 10000000000.74 8.00000000059199982e+10
18 10000000000.74 8.00000000059199982e+10
19 10000000000.74 8.00000000059200134e+10
20 10000000000.74 8.00000000059199982e+10
1 10000000000.75 8.00000000059999847e+10
2 10000000000.75 8.00000000060000000e+10
3 10000000000.75 8.00000000060000000e+10
4 10000000000.75 8.00000000060000153e+10
5 10000000000.75 8.00000000060000000e+10
6 10000000000.75 8.00000000060000000e+10
7 10000000000.75 8.00000000060000000e+10
8 10000000000.75 8.00000000060000000e+10
9 10000000000.75 8.00000000060000000e+10
10 10000000000.75 8.00000000060000000e+10
11 10000000000.75 8.00000000060000000e+10
12 10000000000.75 8.00000000060000000e+10
13 10000000000.75 8.00000000060000000e+10
14 10000000000.75 8.00000000060000153e+10
15 10000000000.75 8.00000000060000000e+10
16 10000000000.75 8.00000000060000000e+10
17 10000000000.75 8.00000000060000000e+10
18 10000000000.75 8.00000000060000000e+10
19 10000000000.75 8.00000000060000000e+10
20 10000000000.75 8.00000000060000153e+10
1 10000000000.76 8.00000000060800171e+10
2 10000000000.76 8.00000000060800018e+10
3 10000000000.76 8.00000000060800018e+10
4 10000000000.76 8.00000000060800018e+10
5 10000000000.76 8.00000000060800018e+10
6 10000000000.76 8.00000000060799866e+10
7 10000000000.76 8.00000000060800018e+10
8 10000000000.76 8.00000000060800018e+10
9 10000000000.76 8.00000000060800018e+10
10 10000000000.76 8.00000000060800018e+10
11 10000000000.76 8.00000000060800018e+10
12 10000000000.76 8.00000000060800018e+10
13 10000000000.76 8.00000000060799866e+10
14 10000000000.76 8.00000000060799866e+10
15 10000000000.76 8.00000000060800018e+10
16 10000000000.76 8.00000000060800171e+10
17 10000000000.76 8.00000000060799713e+10
18 10000000000.76 8.00000000060800018e+10
19 10000000000.76 8.00000000060800018e+10
20 10000000000.76 8.00000000060800018e+10
1 10000000000.77 8.00000000061600037e+10
2 10000000000.77 8.00000000061599884e+10
3 10000000000.77 8.00000000061600037e+10
4 10000000000.77 8.00000000061599884e+10
5 10000000000.77 8.00000000061600189e+10
6 10000000000.77 8.00000000061600037e+10
7 10000000000.77 8.00000000061600037e+10
8 10000000000.77 8.00000000061600037e+10
9 10000000000.77 8.00000000061600037e+10
10 10000000000.77 8.00000000061600037e+10
11 10000000000.77 8.00000000061600037e+10
12 10000000000.77 8.00000000061600189e+10
13 10000000000.77 8.00000000061600037e+10
14 10000000000.77 8.00000000061600037e+10
15 10000000000.77 8.00000000061600189e+10
16 10000000000.77 8.00000000061599884e+10
17 10000000000.77 8.00000000061600037e+10
18 10000000000.77 8.00000000061600037e+10
19 10000000000.77 8.00000000061600037e+10
20 10000000000.77 8.00000000061600037e+10
1 10000000000.78 8.00000000062400055e+10
2 10000000000.78 8.00000000062399902e+10
3 10000000000.78 8.00000000062400055e+10
4 10000000000.78 8.00000000062400055e+10
5 10000000000.78 8.00000000062400208e+10
6 10000000000.78 8.00000000062400055e+10
7 10000000000.78 8.00000000062400055e+10
8 10000000000.78 8.00000000062400055e+10
9 10000000000.78 8.00000000062400055e+10
10 10000000000.78 8.00000000062400208e+10
11 10000000000.78 8.00000000062399902e+10
12 10000000000.78 8.00000000062400055e+10
13 10000000000.78 8.00000000062399902e+10
14 10000000000.78 8.00000000062400055e+10
15 10000000000.78 8.00000000062400055e+10
16 10000000000.78 8.00000000062399902e+10
17 10000000000.78 8.00000000062400208e+10
18 10000000000.78 8.00000000062400055e+10
19 10000000000.78 8.00000000062400208e+10
20 10000000000.78 8.00000000062400055e+10
1 10000000000.79 8.00000000063200073e+10
2 10000000000.79 8.00000000063200073e+10
3 10000000000.79 8.00000000063200073e+10
4 10000000000.79 8.00000000063199921e+10
5 10000000000.79 8.00000000063200073e+10
6 10000000000.79 8.00000000063199921e+10
7 10000000000.79 8.00000000063200073e+10
8 10000000000.79 8.00000000063200073e+10
9 10000000000.79 8.00000000063200073e+10
10 10000000000.79 8.00000000063200073e+10
11 10000000000.79 8.00000000063199921e+10
12 10000000000.79 8.00000000063200073e+10
13 10000000000.79 8.00000000063200073e+10
14 10000000000.79 8.00000000063200073e+10
15 10000000000.79 8.00000000063200073e+10
16 10000000000.79 8.00000000063200073e+10
17 10000000000.79 8.00000000063199921e+10
18 10000000000.79 8.00000000063200073e+10
19 10000000000.79 8.00000000063199921e+10
20 10000000000.79 8.00000000063200073e+10
1 10000000000.80 8.00000000063999939e+10
2 10000000000.80 8.00000000063999786e+10
3 10000000000.80 8.00000000063999939e+10
4 10000000000.80 8.00000000064000092e+10
5 10000000000.80 8.00000000063999939e+10
6 10000000000.80 8.00000000063999786e+10
7 10000000000.80 8.00000000063999939e+10
8 10000000000.80 8.00000000063999786e+10
9 10000000000.80 8.00000000063999786e+10
10 10000000000.80 8.00000000064000092e+10
11 10000000000.80 8.00000000064000092e+10
12 10000000000.80 8.00000000063999786e+10
13 10000000000.80 8.00000000063999939e+10
14 10000000000.80 8.00000000063999939e+10
15 10000000000.80 8.00000000063999939e+10
16 10000000000.80 8.00000000063999939e+10
17 10000000000.80 8.00000000063999939e+10
18 10000000000.80 8.00000000063999939e+10
19 10000000000.80 8.00000000063999939e+10
20 10000000000.80 8.00000000063999939e+10
1 10000000000.81 8.00000000064799957e+10
2 10000000000.81 8.00000000064799957e+10
3 10000000000.81 8.00000000064799957e+10
4 10000000000.81 8.00000000064799957e+10
5 10000000000.81 8.00000000064799957e+10
6 10000000000.81 8.00000000064799957e+10
7 10000000000.81 8.00000000064799957e+10
8 10000000000.81 8.00000000064799957e+10
9 10000000000.81 8.00000000064799957e+10
10 10000000000.81 8.00000000064799805e+10
11 10000000000.81 8.00000000064800110e+10
12 10000000000.81 8.00000000064799957e+10
13 10000000000.81 8.00000000064799805e+10
14 10000000000.81 8.00000000064800110e+10
15 10000000000.81 8.00000000064800110e+10
16 10000000000.81 8.00000000064799957e+10
17 10000000000.81 8.00000000064799957e+10
18 10000000000.81 8.00000000064800110e+10
19 10000000000.81 8.00000000064799957e+10
20 10000000000.81 8.00000000064799957e+10
1 10000000000.82 8.00000000065600128e+10
2 10000000000.82 8.00000000065599976e+10
3 10000000000.82 8.00000000065600128e+10
4 10000000000.82 8.00000000065599976e+10
5 10000000000.82 8.00000000065599823e+10
6 10000000000.82 8.00000000065599823e+10
7 10000000000.82 8.00000000065599976e+10
8 10000000000.82 8.00000000065599976e+10
9 10000000000.82 8.00000000065599976e+10
10 10000000000.82 8.00000000065599976e+10
11 10000000000.82 8.00000000065599976e+10
12 10000000000.82 8.00000000065599976e+10
13 10000000000.82 8.00000000065599976e+10
14 10000000000.82 8.00000000065599976e+10
15 10000000000.82 8.00000000065599976e+10
16 10000000000.82 8.00000000065600128e+10
17 10000000000.82 8.00000000065599976e+10
18 10000000000.82 8.00000000065599976e+10
19 10000000000.82 8.00000000065599976e+10
20 10000000000.82 8.00000000065600128e+10
1 10000000000.83 8.00000000066399994e+10
2 10000000000.83 8.00000000066399841e+10
3 10000000000.83 8.00000000066399994e+10
4 10000000000.83 8.00000000066399994e+10
5 10000000000.83 8.00000000066399994e+10
6 10000000000.83 8.00000000066399994e+10
7 10000000000.83 8.00000000066399841e+10
8 10000000000.83 8.00000000066400146e+10
9 10000000000.83 8.00000000066399994e+10
10 10000000000.83 8.00000000066399994e+10
11 10000000000.83 8.00000000066399994e+10
12 10000000000.83 8.00000000066400146e+10
13 10000000000.83 8.00000000066399994e+10
14 10000000000.83 8.00000000066399994e+10
15 10000000000.83 8.00000000066399994e+10
16 10000000000.83 8.00000000066399841e+10
17 10000000000.83 8.00000000066399994e+10
18 10000000000.83 8.00000000066400146e+10
19 10000000000.83 8.00000000066400146e+10
20 10000000000.83 8.00000000066400146e+10
1 10000000000.84 8.00000000067200012e+10
2 10000000000.84 8.00000000067200012e+10
3 10000000000.84 8.00000000067200012e+10
4 10000000000.84 8.00000000067199860e+10
5 10000000000.84 8.00000000067200165e+10
6 10000000000.84 8.00000000067200012e+10
7 10000000000.84 8.00000000067199860e+10
8 10000000000.84 8.00000000067200012e+10
9 10000000000.84 8.00000000067200165e+10
10 10000000000.84 8.00000000067199860e+10
11 10000000000.84 8.00000000067199860e+10
12 10000000000.84 8.00000000067200012e+10
13 10000000000.84 8.00000000067200012e+10
14 10000000000.84 8.00000000067199860e+10
15 10000000000.84 8.00000000067200012e+10
16 10000000000.84 8.00000000067200165e+10
17 10000000000.84 8.00000000067199860e+10
18 10000000000.84 8.00000000067199860e+10
19 10000000000.84 8.00000000067200012e+10
20 10000000000.84 8.00000000067200012e+10
1 10000000000.85 8.00000000067999878e+10
2 10000000000.85 8.00000000068000031e+10
3 10000000000.85 8.00000000068000031e+10
4 10000000000.85 8.00000000068000031e+10
5 10000000000.85 8.00000000068000031e+10
6 10000000000.85 8.00000000068000183e+10
7 10000000000.85 8.00000000067999878e+10
8 10000000000.85 8.00000000068000031e+10
9 10000000000.85 8.00000000068000031e+10
10 10000000000.85 8.00000000068000183e+10
11 10000000000.85 8.00000000068000031e+10
12 10000000000.85 8.00000000068000183e+10
13 10000000000.85 8.00000000068000183e+10
14 10000000000.85 8.00000000067999878e+10
15 10000000000.85 8.00000000068000031e+10
16 10000000000.85 8.00000000068000183e+10
17 10000000000.85 8.00000000068000031e+10
18 10000000000.85 8.00000000068000183e+10
19 10000000000.85 8.00000000068000031e+10
20 10000000000.85 8.00000000068000031e+10
1 10000000000.86 8.00000000068799896e+10
2 10000000000.86 8.00000000068800049e+10
3 10000000000.86 8.00000000068800049e+10
4 10000000000.86 8.00000000068800049e+10
5 10000000000.86 8.00000000068800049e+10
6 10000000000.86 8.00000000068800049e+10
7 10000000000.86 8.00000000068800049e+10
8 10000000000.86 8.00000000068800049e+10
9 10000000000.86 8.00000000068800049e+10
10 10000000000.86 8.00000000068800049e+10
11 10000000000.86 8.00000000068799896e+10
12 10000000000.86 8.00000000068799896e+10
13 10000000000.86 8.00000000068799896e+10
14 10000000000.86 8.00000000068800049e+10
15 10000000000.86 8.00000000068800049e+10
16 10000000000.86 8.00000000068800049e+10
17 10000000000.86 8.00000000068800049e+10
18 10000000000.86 8.00000000068800049e+10
19 10000000000.86 8.00000000068799896e+10
20 10000000000.86 8.00000000068800049e+10
1 10000000000.87 8.00000000069600067e+10
2 10000000000.87 8.00000000069599915e+10
3 10000000000.87 8.00000000069600220e+10
4 10000000000.87 8.00000000069600067e+10
5 10000000000.87 8.00000000069600067e+10
6 10000000000.87 8.00000000069600067e+10
7 10000000000.87 8.00000000069600067e+10
8 10000000000.87 8.00000000069599915e+10
9 10000000000.87 8.00000000069599915e+10
10 10000000000.87 8.00000000069600067e+10
11 10000000000.87 8.00000000069600067e+10
12 10000000000.87 8.00000000069600067e+10
13 10000000000.87 8.00000000069600220e+10
14 10000000000.87 8.00000000069600067e+10
15 10000000000.87 8.00000000069599915e+10
16 10000000000.87 8.00000000069600067e+10
17 10000000000.87 8.00000000069600067e+10
18 10000000000.87 8.00000000069600067e+10
19 10000000000.87 8.00000000069600067e+10
20 10000000000.87 8.00000000069600067e+10
1 10000000000.88 8.00000000070399933e+10
2 10000000000.88 8.00000000070400085e+10
3 10000000000.88 8.00000000070399780e+10
4 10000000000.88 8.00000000070399780e+10
5 10000000000.88 8.00000000070399933e+10
6 10000000000.88 8.00000000070399933e+10
7 10000000000.88 8.00000000070399933e+10
8 10000000000.88 8.00000000070400085e+10
9 10000000000.88 8.00000000070399780e+10
10 10000000000.88 8.00000000070399780e+10
11 10000000000.88 8.00000000070399780e+10
12 10000000000.88 8.00000000070399933e+10
13 10000000000.88 8.00000000070399933e+10
14 10000000000.88 8.00000000070399933e+10
15 10000000000.88 8.00000000070399780e+10
16 10000000000.88 8.00000000070399933e+10
17 10000000000.88 8.00000000070399933e+10
18 10000000000.88 8.00000000070399933e+10
19 10000000000.88 8.00000000070399933e+10
20 10000000000.88 8.00000000070399780e+10
1 10000000000.89 8.00000000071199951e+10
2 10000000000.89 8.00000000071200104e+10
3 10000000000.89 8.00000000071199951e+10
4 10000000000.89 8.00000000071199951e+10
5 10000000000.89 8.00000000071199799e+10
6 10000000000.89 8.00000000071199951e+10
7 10000000000.89 8.00000000071199951e+10
8 10000000000.89 8.00000000071199951e+10
9 10000000000.89 8.00000000071200104e+10
10 10000000000.89 8.00000000071199951e+10
11 10000000000.89 8.00000000071199951e+10
12 10000000000.89 8.00000000071199951e+10
13 10000000000.89 8.00000000071200104e+10
14 10000000000.89 8.00000000071200104e+10
15 10000000000.89 8.00000000071200104e+10
16 10000000000.89 8.00000000071200104e+10
17 10000000000.89 8.00000000071199799e+10
18 10000000000.89 8.00000000071199951e+10
19 10000000000.89 8.00000000071199951e+10
20 10000000000.89 8.00000000071199951e+10
1 10000000000.90 8.00000000071999969e+10
2 10000000000.90 8.00000000072000122e+10
3 10000000000.90 8.00000000071999969e+10
4 10000000000.90 8.00000000072000122e+10
5 10000000000.90 8.00000000071999817e+10
6 10000000000.90 8.00000000072000122e+10
7 10000000000.90 8.00000000071999969e+10
8 10000000000.90 8.00000000072000122e+10
9 10000000000.90 8.00000000071999817e+10
10 10000000000.90 8.00000000071999969e+10
11 10000000000.90 8.00000000071999817e+10
12 10000000000.90 8.00000000071999969e+10
13 10000000000.90 8.00000000071999969e+10
14 10000000000.90 8.00000000071999969e+10
15 10000000000.90 8.00000000072000122e+10
16 10000000000.90 8.00000000071999817e+10
17 10000000000.90 8.00000000071999969e+10
18 10000000000.90 8.00000000072000122e+10
19 10000000000.90 8.00000000072000122e+10
20 10000000000.90 8.00000000072000122e+10
1 10000000000.91 8.00000000072800140e+10
2 10000000000.91 8.00000000072799988e+10
3 10000000000.91 8.00000000072800140e+10
4 10000000000.91 8.00000000072799835e+10
5 10000000000.91 8.00000000072799988e+10
6 10000000000.91 8.00000000072799988e+10
7 10000000000.91 8.00000000072799988e+10
8 10000000000.91 8.00000000072799988e+10
9 10000000000.91 8.00000000072799988e+10
10 10000000000.91 8.00000000072799835e+10
11 10000000000.91 8.00000000072799988e+10
12 10000000000.91 8.00000000072799988e+10
13 10000000000.91 8.00000000072800140e+10
14 10000000000.91 8.00000000072799988e+10
15 10000000000.91 8.00000000072799835e+10
16 10000000000.91 8.00000000072800140e+10
17 10000000000.91 8.00000000072799988e+10
18 10000000000.91 8.00000000072799988e+10
19 10000000000.91 8.00000000072799988e+10
20 10000000000.91 8.00000000072799988e+10
1 10000000000.92 8.00000000073600006e+10
2 10000000000.92 8.00000000073600159e+10
3 10000000000.92 8.00000000073600006e+10
4 10000000000.92 8.00000000073600006e+10
5 10000000000.92 8.00000000073600159e+10
6 10000000000.92 8.00000000073600006e+10
7 10000000000.92 8.00000000073599854e+10
8 10000000000.92 8.00000000073600006e+10
9 10000000000.92 8.00000000073600006e+10
10 10000000000.92 8.00000000073600006e+10
11 10000000000.92 8.00000000073600006e+10
12 10000000000.92 8.00000000073600006e+10
13 10000000000.92 8.00000000073600006e+10
14 10000000000.92 8.00000000073600006e+10
15 10000000000.92 8.00000000073600006e+10
16 10000000000.92 8.00000000073600006e+10
17 10000000000.92 8.00000000073600006e+10
18 10000000000.92 8.00000000073599854e+10
19 10000000000.92 8.00000000073600006e+10
20 10000000000.92 8.00000000073600006e+10
1 10000000000.93 8.00000000074400024e+10
2 10000000000.93 8.00000000074400177e+10
3 10000000000.93 8.00000000074400024e+10
4 10000000000.93 8.00000000074400177e+10
5 10000000000.93 8.00000000074399872e+10
6 10000000000.93 8.00000000074400024e+10
7 10000000000.93 8.00000000074400024e+10
8 10000000000.93 8.00000000074400024e+10
9 10000000000.93 8.00000000074400024e+10
10 10000000000.93 8.00000000074400177e+10
11 10000000000.93 8.00000000074400024e+10
12 10000000000.93 8.00000000074400024e+10
13 10000000000.93 8.00000000074400024e+10
14 10000000000.93 8.00000000074400024e+10
15 10000000000.93 8.00000000074399872e+10
16 10000000000.93 8.00000000074400024e+10
17 10000000000.93 8.00000000074400024e+10
18 10000000000.93 8.00000000074399872e+10
19 10000000000.93 8.00000000074400024e+10
20 10000000000.93 8.00000000074399719e+10
1 10000000000.94 8.00000000075200043e+10
2 10000000000.94 8.00000000075199890e+10
3 10000000000.94 8.00000000075200043e+10
4 10000000000.94 8.00000000075200043e+10
5 10000000000.94 8.00000000075200043e+10
6 10000000000.94 8.00000000075200043e+10
7 10000000000.94 8.00000000075200043e+10
8 10000000000.94 8.00000000075200043e+10
9 10000000000.94 8.00000000075200043e+10
10 10000000000.94 8.00000000075200195e+10
11 10000000000.94 8.00000000075200043e+10
12 10000000000.94 8.00000000075200043e+10
13 10000000000.94 8.00000000075200043e+10
14 10000000000.94 8.00000000075200043e+10
15 10000000000.94 8.00000000075200043e+10
16 10000000000.94 8.00000000075200043e+10
17 10000000000.94 8.00000000075199890e+10
18 10000000000.94 8.00000000075200043e+10
19 10000000000.94 8.00000000075199890e+10
20 10000000000.94 8.00000000075200043e+10
1 10000000000.95 8.00000000076000061e+10
2 10000000000.95 8.00000000076000061e+10
3 10000000000.95 8.00000000076000061e+10
4 10000000000.95 8.00000000076000061e+10
5 10000000000.95 8.00000000076000061e+10
6 10000000000.95 8.00000000076000061e+10
7 10000000000.95 8.00000000076000061e+10
8 10000000000.95 8.00000000076000214e+10
9 10000000000.95 8.00000000076000061e+10
10 10000000000.95 8.00000000076000061e+10
11 10000000000.95 8.00000000076000214e+10
12 10000000000.95 8.00000000076000061e+10
13 10000000000.95 8.00000000076000061e+10
14 10000000000.95 8.00000000076000061e+10
15 10000000000.95 8.00000000076000061e+10
16 10000000000.95 8.00000000075999908e+10
17 10000000000.95 8.00000000076000061e+10
18 10000000000.95 8.00000000076000214e+10
19 10000000000.95 8.00000000076000061e+10
20 10000000000.95 8.00000000076000061e+10
1 10000000000.96 8.00000000076799927e+10
2 10000000000.96 8.00000000076799774e+10
3 10000000000.96 8.00000000076800079e+10
4 10000000000.96 8.00000000076799927e+10
5 10000000000.96 8.00000000076799774e+10
6 10000000000.96 8.00000000076800079e+10
7 10000000000.96 8.00000000076799927e+10
8 10000000000.96 8.00000000076799927e+10
9 10000000000.96 8.00000000076799927e+10
10 10000000000.96 8.00000000076799927e+10
11 10000000000.96 8.00000000076799927e+10
12 10000000000.96 8.00000000076800079e+10
13 10000000000.96 8.00000000076799927e+10
14 10000000000.96 8.00000000076799774e+10
15 10000000000.96 8.00000000076800079e+10
16 10000000000.96 8.00000000076799927e+10
17 10000000000.96 8.00000000076799774e+10
18 10000000000.96 8.00000000076799927e+10
19 10000000000.96 8.00000000076799774e+10
20 10000000000.96 8.00000000076799927e+10
1 10000000000.97 8.00000000077599945e+10
2 10000000000.97 8.00000000077599945e+10
3 10000000000.97 8.00000000077599945e+10
4 10000000000.97 8.00000000077600098e+10
5 10000000000.97 8.00000000077599792e+10
6 10000000000.97 8.00000000077599945e+10
7 10000000000.97 8.00000000077599945e+10
8 10000000000.97 8.00000000077599945e+10
9 10000000000.97 8.00000000077599792e+10
10 10000000000.97 8.00000000077599792e+10
11 10000000000.97 8.00000000077599945e+10
12 10000000000.97 8.00000000077599945e+10
13 10000000000.97 8.00000000077599792e+10
14 10000000000.97 8.00000000077599945e+10
15 10000000000.97 8.00000000077599945e+10
16 10000000000.97 8.00000000077599792e+10
17 10000000000.97 8.00000000077600098e+10
18 10000000000.97 8.00000000077600098e+10
19 10000000000.97 8.00000000077599792e+10
20 10000000000.97 8.00000000077599945e+10
1 10000000000.98 8.00000000078400116e+10
2 10000000000.98 8.00000000078399811e+10
3 10000000000.98 8.00000000078399963e+10
4 10000000000.98 8.00000000078399963e+10
5 10000000000.98 8.00000000078399963e+10
6 10000000000.98 8.00000000078399963e+10
7 10000000000.98 8.00000000078399963e+10
8 10000000000.98 8.00000000078399963e+10
9 10000000000.98 8.00000000078400116e+10
10 10000000000.98 8.00000000078399963e+10
11 10000000000.98 8.00000000078399811e+10
12 10000000000.98 8.00000000078399963e+10
13 10000000000.98 8.00000000078399963e+10
14 10000000000.98 8.00000000078399963e+10
15 10000000000.98 8.00000000078399811e+10
16 10000000000.98 8.00000000078399811e+10
17 10000000000.98 8.00000000078399811e+10
18 10000000000.98 8.00000000078399963e+10
19 10000000000.98 8.00000000078399963e+10
20 10000000000.98 8.00000000078399963e+10
1 10000000000.99 8.00000000079199982e+10
2 10000000000.99 8.00000000079199982e+10
3 10000000000.99 8.00000000079199982e+10
4 10000000000.99 8.00000000079199982e+10
5 10000000000.99 8.00000000079199982e+10
6 10000000000.99 8.00000000079199982e+10
7 10000000000.99 8.00000000079199982e+10
8 10000000000.99 8.00000000079199982e+10
9 10000000000.99 8.00000000079199829e+10
10 10000000000.99 8.00000000079199982e+10
11 10000000000.99 8.00000000079199829e+10
12 10000000000.99 8.00000000079199982e+10
13 10000000000.99 8.00000000079199982e+10
14 10000000000.99 8.00000000079200134e+10
15 10000000000.99 8.00000000079199829e+10
16 10000000000.99 8.00000000079199982e+10
17 10000000000.99 8.00000000079199982e+10
18 10000000000.99 8.00000000079200134e+10
19 10000000000.99 8.00000000079199829e+10
20 10000000000.99 8.00000000079200134e+10
1 10000000001.00 8.00000000080000000e+10
2 10000000001.00 8.00000000080000153e+10
3 10000000001.00 8.00000000080000000e+10
4 10000000001.00 8.00000000080000000e+10
5 10000000001.00 8.00000000080000153e+10
6 10000000001.00 8.00000000080000000e+10
7 10000000001.00 8.00000000080000000e+10
8 10000000001.00 8.00000000080000153e+10
9 10000000001.00 8.00000000080000000e+10
10 10000000001.00 8.00000000079999847e+10
11 10000000001.00 8.00000000080000000e+10
12 10000000001.00 8.00000000079999847e+10
13 10000000001.00 8.00000000080000000e+10
14 10000000001.00 8.00000000079999847e+10
15 10000000001.00 8.00000000080000000e+10
16 10000000001.00 8.00000000080000000e+10
17 10000000001.00 8.00000000080000000e+10
18 10000000001.00 8.00000000079999847e+10
19 10000000001.00 8.00000000080000000e+10
20 10000000001.00 8.00000000080000000e+10
