i x result
1 -4.000000 -7.02459481922712570e-05
2 -4.000000 -7.02459481922712570e-05
3 -4.000000 -7.02459481922712570e-05
4 -4.000000 -7.02459481922712570e-05
5 -4.000000 -7.02459481922712570e-05
6 -4.000000 -7.02459481922712570e-05
7 -4.000000 -7.02459481922712570e-05
8 -4.000000 -7.02459481922712570e-05
9 -4.000000 -7.02459481922712570e-05
10 -4.000000 -7.02459481922712570e-05
11 -4.000000 -7.02459481922712570e-05
12 -4.000000 -7.02459481922712570e-05
13 -4.000000 -7.02459481922712570e-05
14 -4.000000 -7.02459481922712570e-05
15 -4.000000 -7.02459481922712570e-05
16 -4.000000 -7.02459481922712570e-05
17 -4.000000 -7.02459481922712570e-05
18 -4.000000 -7.02459481922712570e-05
19 -4.000000 -7.02459481922712570e-05
20 -4.000000 -7.02459481922712570e-05
1 -3.900000 -1.12197691870208325e-04
2 -3.900000 -1.12197691870208338e-04
3 -3.900000 -1.12197691870208338e-04
4 -3.900000 -1.12197691870208338e-04
5 -3.900000 -1.12197691870208338e-04
6 -3.900000 -1.12197691870208338e-04
7 -3.900000 -1.12197691870208325e-04
8 -3.900000 -1.12197691870208338e-04
9 -3.900000 -1.12197691870208338e-04
10 -3.900000 -1.12197691870208325e-04
11 -3.900000 -1.12197691870208338e-04
12 -3.900000 -1.12197691870208338e-04
13 -3.900000 -1.12197691870208325e-04
14 -3.900000 -1.12197691870208325e-04
15 -3.900000 -1.12197691870208338e-04
16 -3.900000 -1.12197691870208325e-04
17 -3.900000 -1.12197691870208338e-04
18 -3.900000 -1.12197691870208325e-04
19 -3.900000 -1.12197691870208338e-04
20 -3.900000 -1.12197691870208325e-04
1 -3.800000 -1.76119217141457185e-04
2 -3.800000 -1.76119217141457158e-04
3 -3.800000 -1.76119217141457158e-04
4 -3.800000 -1.76119217141457158e-04
5 -3.800000 -1.76119217141457158e-04
6 -3.800000 -1.76119217141457185e-04
7 -3.800000 -1.76119217141457158e-04
8 -3.800000 -1.76119217141457185e-04
9 -3.800000 -1.76119217141457158e-04
10 -3.800000 -1.76119217141457158e-04
11 -3.800000 -1.76119217141457185e-04
12 -3.800000 -1.76119217141457158e-04
13 -3.800000 -1.76119217141457185e-04
14 -3.800000 -1.76119217141457158e-04
15 -3.800000 -1.76119217141457185e-04
16 -3.800000 -1.76119217141457158e-04
17 -3.800000 -1.76119217141457158e-04
18 -3.800000 -1.76119217141457158e-04
19 -3.800000 -1.76119217141457185e-04
20 -3.800000 -1.76119217141457185e-04
1 -3.700000 -2.71806021392123620e-04
2 -3.700000 -2.71806021392123620e-04
3 -3.700000 -2.71806021392123620e-04
4 -3.700000 -2.71806021392123674e-04
5 -3.700000 -2.71806021392123620e-04
6 -3.700000 -2.71806021392123620e-04
7 -3.700000 -2.71806021392123620e-04
8 -3.700000 -2.71806021392123620e-04
9 -3.700000 -2.71806021392123620e-04
10 -3.700000 -2.71806021392123674e-04
11 -3.700000 -2.71806021392123674e-04
12 -3.700000 -2.71806021392123620e-04
13 -3.700000 -2.71806021392123674e-04
14 -3.700000 -2.71806021392123620e-04
15 -3.700000 -2.71806021392123620e-04
16 -3.700000 -2.71806021392123620e-04
17 -3.700000 -2.71806021392123674e-04
18 -3.700000 -2.71806021392123620e-04
19 -3.700000 -2.71806021392123620e-04
20 -3.700000 -2.71806021392123674e-04
1 -3.600000 -4.12580214163615888e-04
2 -3.600000 -4.12580214163615888e-04
3 -3.600000 -4.12580214163615888e-04
4 -3.600000 -4.12580214163615888e-04
5 -3.600000 -4.12580214163615943e-04
6 -3.600000 -4.12580214163615943e-04
7 -3.600000 -4.12580214163615888e-04
8 -3.600000 -4.12580214163615888e-04
9 -3.600000 -4.12580214163615888e-04
10 -3.600000 -4.12580214163615888e-04
11 -3.600000 -4.12580214163615888e-04
12 -3.600000 -4.12580214163615888e-04
13 -3.600000 -4.12580214163615888e-04
14 -3.600000 -4.12580214163615943e-04
15 -3.600000 -4.12580214163615888e-04
16 -3.600000 -4.12580214163615888e-04
17 -3.600000 -4.12580214163615888e-04
18 -3.600000 -4.12580214163615888e-04
19 -3.600000 -4.12580214163615943e-04
20 -3.600000 -4.12580214163615943e-04
1 -3.500000 -6.16197655373740272e-04
2 -3.500000 -6.16197655373740272e-04
3 -3.500000 -6.16197655373740272e-04
4 -3.500000 -6.16197655373740272e-04
5 -3.500000 -6.16197655373740272e-04
6 -3.500000 -6.16197655373740272e-04
7 -3.500000 -6.16197655373740272e-04
8 -3.500000 -6.16197655373740272e-04
9 -3.500000 -6.16197655373740272e-04
10 -3.500000 -6.16197655373740272e-04
11 -3.500000 -6.16197655373740272e-04
12 -3.500000 -6.16197655373740272e-04
13 -3.500000 -6.16197655373740272e-04
14 -3.500000 -6.16197655373740272e-04
15 -3.500000 -6.16197655373740272e-04
16 -3.500000 -6.16197655373740272e-04
17 -3.500000 -6.16197655373740272e-04
18 -3.500000 -6.16197655373740272e-04
19 -3.500000 -6.16197655373740272e-04
20 -3.500000 -6.16197655373740272e-04
1 -3.400000 -9.05850983453582170e-04
2 -3.400000 -9.05850983453582062e-04
3 -3.400000 -9.05850983453582170e-04
4 -3.400000 -9.05850983453582170e-04
5 -3.400000 -9.05850983453582170e-04
6 -3.400000 -9.05850983453582170e-04
7 -3.400000 -9.05850983453582062e-04
8 -3.400000 -9.05850983453582170e-04
9 -3.400000 -9.05850983453582170e-04
10 -3.400000 -9.05850983453582170e-04
11 -3.400000 -9.05850983453582170e-04
12 -3.400000 -9.05850983453582170e-04
13 -3.400000 -9.05850983453582170e-04
14 -3.400000 -9.05850983453582170e-04
15 -3.400000 -9.05850983453582062e-04
16 -3.400000 -9.05850983453582170e-04
17 -3.400000 -9.05850983453582170e-04
18 -3.400000 -9.05850983453582170e-04
19 -3.400000 -9.05850983453582170e-04
20 -3.400000 -9.05850983453582062e-04
1 -3.300000 -1.31122811833584980e-03
2 -3.300000 -1.31122811833584959e-03
3 -3.300000 -1.31122811833584980e-03
4 -3.300000 -1.31122811833584980e-03
5 -3.300000 -1.31122811833584980e-03
6 -3.300000 -1.31122811833584980e-03
7 -3.300000 -1.31122811833584980e-03
8 -3.300000 -1.31122811833584980e-03
9 -3.300000 -1.31122811833584959e-03
10 -3.300000 -1.31122811833584980e-03
11 -3.300000 -1.31122811833584980e-03
12 -3.300000 -1.31122811833584980e-03
13 -3.300000 -1.31122811833584980e-03
14 -3.300000 -1.31122811833584980e-03
15 -3.300000 -1.31122811833584980e-03
16 -3.300000 -1.31122811833584980e-03
17 -3.300000 -1.31122811833584980e-03
18 -3.300000 -1.31122811833584980e-03
19 -3.300000 -1.31122811833584980e-03
20 -3.300000 -1.31122811833584980e-03
1 -3.200000 -1.86956516208436341e-03
2 -3.200000 -1.86956516208436362e-03
3 -3.200000 -1.86956516208436362e-03
4 -3.200000 -1.86956516208436341e-03
5 -3.200000 -1.86956516208436362e-03
6 -3.200000 -1.86956516208436362e-03
7 -3.200000 -1.86956516208436362e-03
8 -3.200000 -1.86956516208436341e-03
9 -3.200000 -1.86956516208436362e-03
10 -3.200000 -1.86956516208436341e-03
11 -3.200000 -1.86956516208436362e-03
12 -3.200000 -1.86956516208436341e-03
13 -3.200000 -1.86956516208436362e-03
14 -3.200000 -1.86956516208436362e-03
15 -3.200000 -1.86956516208436341e-03
16 -3.200000 -1.86956516208436362e-03
17 -3.200000 -1.86956516208436362e-03
18 -3.200000 -1.86956516208436341e-03
19 -3.200000 -1.86956516208436362e-03
20 -3.200000 -1.86956516208436341e-03
1 -3.100000 -2.62661023054974740e-03
2 -3.100000 -2.62661023054974740e-03
3 -3.100000 -2.62661023054974740e-03
4 -3.100000 -2.62661023054974784e-03
5 -3.100000 -2.62661023054974740e-03
6 -3.100000 -2.62661023054974740e-03
7 -3.100000 -2.62661023054974784e-03
8 -3.100000 -2.62661023054974740e-03
9 -3.100000 -2.62661023054974740e-03
10 -3.100000 -2.62661023054974740e-03
11 -3.100000 -2.62661023054974740e-03
12 -3.100000 -2.62661023054974740e-03
13 -3.100000 -2.62661023054974740e-03
14 -3.100000 -2.62661023054974784e-03
15 -3.100000 -2.62661023054974784e-03
16 -3.100000 -2.62661023054974740e-03
17 -3.100000 -2.62661023054974740e-03
18 -3.100000 -2.62661023054974740e-03
19 -3.100000 -2.62661023054974740e-03
20 -3.100000 -2.62661023054974784e-03
1 -3.000000 -3.63739208177299433e-03
2 -3.000000 -3.63739208177299433e-03
3 -3.000000 -3.63739208177299433e-03
4 -3.000000 -3.63739208177299433e-03
5 -3.000000 -3.63739208177299433e-03
6 -3.000000 -3.63739208177299433e-03
7 -3.000000 -3.63739208177299433e-03
8 -3.000000 -3.63739208177299433e-03
9 -3.000000 -3.63739208177299433e-03
10 -3.000000 -3.63739208177299433e-03
11 -3.000000 -3.63739208177299433e-03
12 -3.000000 -3.63739208177299433e-03
13 -3.000000 -3.63739208177299433e-03
14 -3.000000 -3.63739208177299433e-03
15 -3.000000 -3.63739208177299433e-03
16 -3.000000 -3.63739208177299433e-03
17 -3.000000 -3.63739208177299433e-03
18 -3.000000 -3.63739208177299433e-03
19 -3.000000 -3.63739208177299433e-03
20 -3.000000 -3.63739208177299433e-03
1 -2.900000 -4.96666623547147804e-03
2 -2.900000 -4.96666623547147804e-03
3 -2.900000 -4.96666623547147891e-03
4 -2.900000 -4.96666623547147804e-03
5 -2.900000 -4.96666623547147804e-03
6 -2.900000 -4.96666623547147804e-03
7 -2.900000 -4.96666623547147804e-03
8 -2.900000 -4.96666623547147891e-03
9 -2.900000 -4.96666623547147804e-03
10 -2.900000 -4.96666623547147891e-03
11 -2.900000 -4.96666623547147804e-03
12 -2.900000 -4.96666623547147891e-03
13 -2.900000 -4.96666623547147891e-03
14 -2.900000 -4.96666623547147804e-03
15 -2.900000 -4.96666623547147804e-03
16 -2.900000 -4.96666623547147804e-03
17 -2.900000 -4.96666623547147891e-03
18 -2.900000 -4.96666623547147891e-03
19 -2.900000 -4.96666623547147891e-03
20 -2.900000 -4.96666623547147804e-03
1 -2.800000 -6.68889360687916455e-03
2 -2.800000 -6.68889360687916455e-03
3 -2.800000 -6.68889360687916455e-03
4 -2.800000 -6.68889360687916455e-03
5 -2.800000 -6.68889360687916455e-03
6 -2.800000 -6.68889360687916455e-03
7 -2.800000 -6.68889360687916455e-03
8 -2.800000 -6.68889360687916455e-03
9 -2.800000 -6.68889360687916368e-03
10 -2.800000 -6.68889360687916455e-03
11 -2.800000 -6.68889360687916455e-03
12 -2.800000 -6.68889360687916455e-03
13 -2.800000 -6.68889360687916455e-03
14 -2.800000 -6.68889360687916455e-03
15 -2.800000 -6.68889360687916455e-03
16 -2.800000 -6.68889360687916455e-03
17 -2.800000 -6.68889360687916455e-03
18 -2.800000 -6.68889360687916455e-03
19 -2.800000 -6.68889360687916455e-03
20 -2.800000 -6.68889360687916368e-03
1 -2.700000 -8.88759463946788182e-03
2 -2.700000 -8.88759463946788356e-03
3 -2.700000 -8.88759463946788356e-03
4 -2.700000 -8.88759463946788356e-03
5 -2.700000 -8.88759463946788356e-03
6 -2.700000 -8.88759463946788356e-03
7 -2.700000 -8.88759463946788356e-03
8 -2.700000 -8.88759463946788356e-03
9 -2.700000 -8.88759463946788356e-03
10 -2.700000 -8.88759463946788356e-03
11 -2.700000 -8.88759463946788182e-03
12 -2.700000 -8.88759463946788356e-03
13 -2.700000 -8.88759463946788356e-03
14 -2.700000 -8.88759463946788356e-03
15 -2.700000 -8.88759463946788356e-03
16 -2.700000 -8.88759463946788356e-03
17 -2.700000 -8.88759463946788356e-03
18 -2.700000 -8.88759463946788356e-03
19 -2.700000 -8.88759463946788356e-03
20 -2.700000 -8.88759463946788356e-03
1 -2.600000 -1.16539176852427442e-02
2 -2.600000 -1.16539176852427442e-02
3 -2.600000 -1.16539176852427442e-02
4 -2.600000 -1.16539176852427425e-02
5 -2.600000 -1.16539176852427442e-02
6 -2.600000 -1.16539176852427425e-02
7 -2.600000 -1.16539176852427425e-02
8 -2.600000 -1.16539176852427442e-02
9 -2.600000 -1.16539176852427442e-02
10 -2.600000 -1.16539176852427425e-02
11 -2.600000 -1.16539176852427442e-02
12 -2.600000 -1.16539176852427442e-02
13 -2.600000 -1.16539176852427425e-02
14 -2.600000 -1.16539176852427425e-02
15 -2.600000 -1.16539176852427425e-02
16 -2.600000 -1.16539176852427425e-02
17 -2.600000 -1.16539176852427442e-02
18 -2.600000 -1.16539176852427425e-02
19 -2.600000 -1.16539176852427425e-02
20 -2.600000 -1.16539176852427442e-02
1 -2.500000 -1.50842660899985770e-02
2 -2.500000 -1.50842660899985770e-02
3 -2.500000 -1.50842660899985770e-02
4 -2.500000 -1.50842660899985770e-02
5 -2.500000 -1.50842660899985770e-02
6 -2.500000 -1.50842660899985770e-02
7 -2.500000 -1.50842660899985770e-02
8 -2.500000 -1.50842660899985770e-02
9 -2.500000 -1.50842660899985770e-02
10 -2.500000 -1.50842660899985770e-02
11 -2.500000 -1.50842660899985770e-02
12 -2.500000 -1.50842660899985770e-02
13 -2.500000 -1.50842660899985770e-02
14 -2.500000 -1.50842660899985770e-02
15 -2.500000 -1.50842660899985770e-02
16 -2.500000 -1.50842660899985770e-02
17 -2.500000 -1.50842660899985770e-02
18 -2.500000 -1.50842660899985770e-02
19 -2.500000 -1.50842660899985770e-02
20 -2.500000 -1.50842660899985770e-02
1 -2.400000 -1.92768461556016985e-02
2 -2.400000 -1.92768461556016985e-02
3 -2.400000 -1.92768461556016985e-02
4 -2.400000 -1.92768461556017019e-02
5 -2.400000 -1.92768461556017019e-02
6 -2.400000 -1.92768461556017019e-02
7 -2.400000 -1.92768461556017019e-02
8 -2.400000 -1.92768461556017019e-02
9 -2.400000 -1.92768461556017019e-02
10 -2.400000 -1.92768461556017019e-02
11 -2.400000 -1.92768461556016985e-02
12 -2.400000 -1.92768461556017019e-02
13 -2.400000 -1.92768461556016985e-02
14 -2.400000 -1.92768461556016985e-02
15 -2.400000 -1.92768461556017019e-02
16 -2.400000 -1.92768461556017019e-02
17 -2.400000 -1.92768461556016985e-02
18 -2.400000 -1.92768461556017019e-02
19 -2.400000 -1.92768461556017019e-02
20 -2.400000 -1.92768461556017019e-02
1 -2.300000 -2.43270297959190945e-02
2 -2.300000 -2.43270297959190945e-02
3 -2.300000 -2.43270297959190945e-02
4 -2.300000 -2.43270297959190980e-02
5 -2.300000 -2.43270297959189662e-02
6 -2.300000 -2.43270297959190945e-02
7 -2.300000 -2.43270297959189696e-02
8 -2.300000 -2.43270297959190945e-02
9 -2.300000 -2.43270297959190945e-02
10 -2.300000 -2.43270297959190980e-02
11 -2.300000 -2.43270297959190945e-02
12 -2.300000 -2.43270297959190945e-02
13 -2.300000 -2.43270297959190945e-02
14 -2.300000 -2.43270297959190945e-02
15 -2.300000 -2.43270297959190945e-02
16 -2.300000 -2.43270297959190980e-02
17 -2.300000 -2.43270297959189696e-02
18 -2.300000 -2.43270297959190980e-02
19 -2.300000 -2.43270297959190945e-02
20 -2.300000 -2.43270297959189696e-02
1 -2.200000 -3.03214729619885534e-02
2 -2.200000 -3.03214729619885499e-02
3 -2.200000 -3.03214729619885499e-02
4 -2.200000 -3.03214729619885499e-02
5 -2.200000 -3.03214729619886714e-02
6 -2.200000 -3.03214729619886748e-02
7 -2.200000 -3.03214729619885499e-02
8 -2.200000 -3.03214729619886748e-02
9 -2.200000 -3.03214729619885499e-02
10 -2.200000 -3.03214729619885499e-02
11 -2.200000 -3.03214729619885534e-02
12 -2.200000 -3.03214729619885534e-02
13 -2.200000 -3.03214729619885499e-02
14 -2.200000 -3.03214729619886748e-02
15 -2.200000 -3.03214729619885499e-02
16 -2.200000 -3.03214729619885499e-02
17 -2.200000 -3.03214729619885499e-02
18 -2.200000 -3.03214729619885499e-02
19 -2.200000 -3.03214729619885534e-02
20 -2.200000 -3.03214729619886748e-02
1 -2.100000 -3.73309950388878362e-02
2 -2.100000 -3.73309950388878431e-02
3 -2.100000 -3.73309950388878431e-02
4 -2.100000 -3.73309950388878362e-02
5 -2.100000 -3.73309950388878362e-02
6 -2.100000 -3.73309950388878362e-02
7 -2.100000 -3.73309950388878431e-02
8 -2.100000 -3.73309950388878431e-02
9 -2.100000 -3.73309950388878431e-02
10 -2.100000 -3.73309950388878362e-02
11 -2.100000 -3.73309950388878362e-02
12 -2.100000 -3.73309950388878362e-02
13 -2.100000 -3.73309950388878362e-02
14 -2.100000 -3.73309950388878431e-02
15 -2.100000 -3.73309950388878362e-02
16 -2.100000 -3.73309950388878431e-02
17 -2.100000 -3.73309950388878431e-02
18 -2.100000 -3.73309950388878362e-02
19 -2.100000 -3.73309950388878362e-02
20 -2.100000 -3.73309950388878431e-02
1 -2.000000 -4.54023059122249384e-02
2 -2.000000 -4.54023059122249384e-02
3 -2.000000 -4.54023059122249384e-02
4 -2.000000 -4.54023059122249384e-02
5 -2.000000 -4.54023059122249384e-02
6 -2.000000 -4.54023059122249384e-02
7 -2.000000 -4.54023059122249384e-02
8 -2.000000 -4.54023059122249384e-02
9 -2.000000 -4.54023059122249384e-02
10 -2.000000 -4.54023059122249384e-02
11 -2.000000 -4.54023059122250494e-02
12 -2.000000 -4.54023059122249384e-02
13 -2.000000 -4.54023059122249384e-02
14 -2.000000 -4.54023059122250494e-02
15 -2.000000 -4.54023059122249384e-02
16 -2.000000 -4.54023059122249384e-02
17 -2.000000 -4.54023059122249384e-02
18 -2.000000 -4.54023059122249384e-02
19 -2.000000 -4.54023059122250494e-02
20 -2.000000 -4.54023059122249384e-02
1 -1.900000 -5.45487655446674422e-02
2 -1.900000 -5.45487655446673381e-02
3 -1.900000 -5.45487655446673450e-02
4 -1.900000 -5.45487655446673381e-02
5 -1.900000 -5.45487655446673450e-02
6 -1.900000 -5.45487655446673381e-02
7 -1.900000 -5.45487655446673450e-02
8 -1.900000 -5.45487655446673450e-02
9 -1.900000 -5.45487655446673381e-02
10 -1.900000 -5.45487655446674491e-02
11 -1.900000 -5.45487655446673450e-02
12 -1.900000 -5.45487655446673381e-02
13 -1.900000 -5.45487655446673381e-02
14 -1.900000 -5.45487655446673450e-02
15 -1.900000 -5.45487655446673381e-02
16 -1.900000 -5.45487655446673450e-02
17 -1.900000 -5.45487655446674422e-02
18 -1.900000 -5.45487655446673381e-02
19 -1.900000 -5.45487655446674422e-02
20 -1.900000 -5.45487655446673381e-02
1 -1.800000 -6.47404731540701800e-02
2 -1.800000 -6.47404731540702910e-02
3 -1.800000 -6.47404731540701939e-02
4 -1.800000 -6.47404731540702910e-02
5 -1.800000 -6.47404731540702771e-02
6 -1.800000 -6.47404731540702910e-02
7 -1.800000 -6.47404731540702910e-02
8 -1.800000 -6.47404731540702771e-02
9 -1.800000 -6.47404731540701939e-02
10 -1.800000 -6.47404731540701939e-02
11 -1.800000 -6.47404731540702910e-02
12 -1.800000 -6.47404731540702910e-02
13 -1.800000 -6.47404731540702910e-02
14 -1.800000 -6.47404731540702910e-02
15 -1.800000 -6.47404731540702910e-02
16 -1.800000 -6.47404731540701939e-02
17 -1.800000 -6.47404731540701939e-02
18 -1.800000 -6.47404731540702910e-02
19 -1.800000 -6.47404731540702910e-02
20 -1.800000 -6.47404731540702910e-02
1 -1.700000 -7.58941044488437855e-02
2 -1.700000 -7.58941044488437855e-02
3 -1.700000 -7.58941044488438687e-02
4 -1.700000 -7.58941044488438826e-02
5 -1.700000 -7.58941044488438826e-02
6 -1.700000 -7.58941044488437855e-02
7 -1.700000 -7.58941044488438826e-02
8 -1.700000 -7.58941044488438826e-02
9 -1.700000 -7.58941044488438687e-02
10 -1.700000 -7.58941044488438826e-02
11 -1.700000 -7.58941044488437855e-02
12 -1.700000 -7.58941044488437716e-02
13 -1.700000 -7.58941044488437855e-02
14 -1.700000 -7.58941044488437855e-02
15 -1.700000 -7.58941044488437716e-02
16 -1.700000 -7.58941044488437855e-02
17 -1.700000 -7.58941044488438687e-02
18 -1.700000 -7.58941044488438826e-02
19 -1.700000 -7.58941044488437716e-02
20 -1.700000 -7.58941044488438826e-02
1 -1.600000 -8.78630378556384678e-02
2 -1.600000 -8.78630378556384817e-02
3 -1.600000 -8.78630378556384817e-02
4 -1.600000 -8.78630378556384678e-02
5 -1.600000 -8.78630378556384678e-02
6 -1.600000 -8.78630378556384678e-02
7 -1.600000 -8.78630378556384817e-02
8 -1.600000 -8.78630378556384678e-02
9 -1.600000 -8.78630378556384817e-02
10 -1.600000 -8.78630378556384817e-02
11 -1.600000 -8.78630378556384817e-02
12 -1.600000 -8.78630378556384678e-02
13 -1.600000 -8.78630378556384678e-02
14 -1.600000 -8.78630378556384678e-02
15 -1.600000 -8.78630378556384817e-02
16 -1.600000 -8.78630378556384678e-02
17 -1.600000 -8.78630378556384678e-02
18 -1.600000 -8.78630378556384678e-02
19 -1.600000 -8.78630378556384678e-02
20 -1.600000 -8.78630378556384817e-02
1 -1.500000 -1.00428423019767066e-01
2 -1.500000 -1.00428423019767066e-01
3 -1.500000 -1.00428423019767066e-01
4 -1.500000 -1.00428423019767066e-01
5 -1.500000 -1.00428423019767066e-01
6 -1.500000 -1.00428423019767066e-01
7 -1.500000 -1.00428423019767066e-01
8 -1.500000 -1.00428423019767066e-01
9 -1.500000 -1.00428423019767066e-01
10 -1.500000 -1.00428423019767066e-01
11 -1.500000 -1.00428423019767066e-01
12 -1.500000 -1.00428423019767066e-01
13 -1.500000 -1.00428423019767066e-01
14 -1.500000 -1.00428423019767066e-01
15 -1.500000 -1.00428423019767066e-01
16 -1.500000 -1.00428423019767066e-01
17 -1.500000 -1.00428423019767066e-01
18 -1.500000 -1.00428423019767066e-01
19 -1.500000 -1.00428423019767066e-01
20 -1.500000 -1.00428423019767066e-01
1 -1.400000 -1.13291932838805509e-01
2 -1.400000 -1.13291932838805509e-01
3 -1.400000 -1.13291932838805509e-01
4 -1.400000 -1.13291932838805509e-01
5 -1.400000 -1.13291932838805509e-01
6 -1.400000 -1.13291932838805523e-01
7 -1.400000 -1.13291932838805509e-01
8 -1.400000 -1.13291932838805509e-01
9 -1.400000 -1.13291932838805509e-01
10 -1.400000 -1.13291932838805509e-01
11 -1.400000 -1.13291932838805509e-01
12 -1.400000 -1.13291932838805523e-01
13 -1.400000 -1.13291932838805509e-01
14 -1.400000 -1.13291932838805426e-01
15 -1.400000 -1.13291932838805509e-01
16 -1.400000 -1.13291932838805509e-01
17 -1.400000 -1.13291932838805509e-01
18 -1.400000 -1.13291932838805523e-01
19 -1.400000 -1.13291932838805509e-01
20 -1.400000 -1.13291932838805509e-01
1 -1.300000 -1.26070987682690594e-01
2 -1.300000 -1.26070987682690594e-01
3 -1.300000 -1.26070987682690594e-01
4 -1.300000 -1.26070987682690594e-01
5 -1.300000 -1.26070987682690594e-01
6 -1.300000 -1.26070987682690594e-01
7 -1.300000 -1.26070987682690594e-01
8 -1.300000 -1.26070987682690594e-01
9 -1.300000 -1.26070987682690594e-01
10 -1.300000 -1.26070987682690594e-01
11 -1.300000 -1.26070987682690622e-01
12 -1.300000 -1.26070987682690594e-01
13 -1.300000 -1.26070987682690594e-01
14 -1.300000 -1.26070987682690622e-01
15 -1.300000 -1.26070987682690594e-01
16 -1.300000 -1.26070987682690594e-01
17 -1.300000 -1.26070987682690538e-01
18 -1.300000 -1.26070987682690538e-01
19 -1.300000 -1.26070987682690594e-01
20 -1.300000 -1.26070987682690594e-01
1 -1.200000 -1.38297230862135079e-01
2 -1.200000 -1.38297230862135079e-01
3 -1.200000 -1.38297230862135051e-01
4 -1.200000 -1.38297230862135051e-01
5 -1.200000 -1.38297230862135051e-01
6 -1.200000 -1.38297230862135079e-01
7 -1.200000 -1.38297230862135051e-01
8 -1.200000 -1.38297230862135079e-01
9 -1.200000 -1.38297230862135079e-01
10 -1.200000 -1.38297230862135079e-01
11 -1.200000 -1.38297230862135051e-01
12 -1.200000 -1.38297230862135051e-01
13 -1.200000 -1.38297230862135051e-01
14 -1.200000 -1.38297230862135079e-01
15 -1.200000 -1.38297230862135079e-01
16 -1.200000 -1.38297230862134995e-01
17 -1.200000 -1.38297230862135051e-01
18 -1.200000 -1.38297230862135079e-01
19 -1.200000 -1.38297230862135079e-01
20 -1.200000 -1.38297230862135079e-01
1 -1.100000 -1.49418953825489115e-01
2 -1.100000 -1.49418953825489115e-01
3 -1.100000 -1.49418953825489143e-01
4 -1.100000 -1.49418953825489143e-01
5 -1.100000 -1.49418953825489143e-01
6 -1.100000 -1.49418953825489143e-01
7 -1.100000 -1.49418953825489143e-01
8 -1.100000 -1.49418953825489143e-01
9 -1.100000 -1.49418953825489115e-01
10 -1.100000 -1.49418953825489143e-01
11 -1.100000 -1.49418953825489143e-01
12 -1.100000 -1.49418953825489115e-01
13 -1.100000 -1.49418953825489004e-01
14 -1.100000 -1.49418953825489115e-01
15 -1.100000 -1.49418953825489115e-01
16 -1.100000 -1.49418953825489115e-01
17 -1.100000 -1.49418953825489115e-01
18 -1.100000 -1.49418953825489143e-01
19 -1.100000 -1.49418953825489143e-01
20 -1.100000 -1.49418953825489143e-01
1 -1.000000 -1.58808009391723348e-01
2 -1.000000 -1.58808009391723237e-01
3 -1.000000 -1.58808009391723237e-01
4 -1.000000 -1.58808009391723237e-01
5 -1.000000 -1.58808009391723237e-01
6 -1.000000 -1.58808009391723237e-01
7 -1.000000 -1.58808009391723237e-01
8 -1.000000 -1.58808009391723237e-01
9 -1.000000 -1.58808009391723237e-01
10 -1.000000 -1.58808009391723237e-01
11 -1.000000 -1.58808009391723237e-01
12 -1.000000 -1.58808009391723237e-01
13 -1.000000 -1.58808009391723237e-01
14 -1.000000 -1.58808009391723237e-01
15 -1.000000 -1.58808009391723237e-01
16 -1.000000 -1.58808009391723237e-01
17 -1.000000 -1.58808009391723237e-01
18 -1.000000 -1.58808009391723237e-01
19 -1.000000 -1.58808009391723348e-01
20 -1.000000 -1.58808009391723237e-01
1 -0.900000 -1.65771511290279450e-01
2 -0.900000 -1.65771511290279422e-01
3 -0.900000 -1.65771511290279422e-01
4 -0.900000 -1.65771511290279450e-01
5 -0.900000 -1.65771511290279450e-01
6 -0.900000 -1.65771511290279450e-01
7 -0.900000 -1.65771511290279422e-01
8 -0.900000 -1.65771511290279422e-01
9 -0.900000 -1.65771511290279450e-01
10 -0.900000 -1.65771511290279422e-01
11 -0.900000 -1.65771511290279422e-01
12 -0.900000 -1.65771511290279422e-01
13 -0.900000 -1.65771511290279450e-01
14 -0.900000 -1.65771511290279450e-01
15 -0.900000 -1.65771511290279422e-01
16 -0.900000 -1.65771511290279450e-01
17 -0.900000 -1.65771511290279450e-01
18 -0.900000 -1.65771511290279450e-01
19 -0.900000 -1.65771511290279422e-01
20 -0.900000 -1.65771511290279422e-01
1 -0.800000 -1.69568308563551873e-01
2 -0.800000 -1.69568308563551873e-01
3 -0.800000 -1.69568308563551845e-01
4 -0.800000 -1.69568308563551956e-01
5 -0.800000 -1.69568308563551873e-01
6 -0.800000 -1.69568308563551845e-01
7 -0.800000 -1.69568308563551873e-01
8 -0.800000 -1.69568308563551873e-01
9 -0.800000 -1.69568308563551845e-01
10 -0.800000 -1.69568308563551845e-01
11 -0.800000 -1.69568308563551845e-01
12 -0.800000 -1.69568308563551956e-01
13 -0.800000 -1.69568308563551956e-01
14 -0.800000 -1.69568308563551956e-01
15 -0.800000 -1.69568308563551873e-01
16 -0.800000 -1.69568308563551873e-01
17 -0.800000 -1.69568308563551956e-01
18 -0.800000 -1.69568308563551956e-01
19 -0.800000 -1.69568308563551956e-01
20 -0.800000 -1.69568308563551873e-01
1 -0.700000 -1.69429865294883242e-01
2 -0.700000 -1.69429865294883214e-01
3 -0.700000 -1.69429865294883214e-01
4 -0.700000 -1.69429865294883242e-01
5 -0.700000 -1.69429865294883242e-01
6 -0.700000 -1.69429865294883214e-01
7 -0.700000 -1.69429865294883242e-01
8 -0.700000 -1.69429865294883214e-01
9 -0.700000 -1.69429865294883242e-01
10 -0.700000 -1.69429865294883325e-01
11 -0.700000 -1.69429865294883214e-01
12 -0.700000 -1.69429865294883214e-01
13 -0.700000 -1.69429865294883214e-01
14 -0.700000 -1.69429865294883214e-01
15 -0.700000 -1.69429865294883214e-01
16 -0.700000 -1.69429865294883214e-01
17 -0.700000 -1.69429865294883242e-01
18 -0.700000 -1.69429865294883242e-01
19 -0.700000 -1.69429865294883242e-01
20 -0.700000 -1.69429865294883242e-01
1 -0.600000 -1.64584800769185247e-01
2 -0.600000 -1.64584800769185247e-01
3 -0.600000 -1.64584800769185247e-01
4 -0.600000 -1.64584800769185247e-01
5 -0.600000 -1.64584800769185219e-01
6 -0.600000 -1.64584800769185247e-01
7 -0.600000 -1.64584800769185247e-01
8 -0.600000 -1.64584800769185247e-01
9 -0.600000 -1.64584800769185274e-01
10 -0.600000 -1.64584800769185302e-01
11 -0.600000 -1.64584800769185274e-01
12 -0.600000 -1.64584800769185274e-01
13 -0.600000 -1.64584800769185219e-01
14 -0.600000 -1.64584800769185302e-01
15 -0.600000 -1.64584800769185302e-01
16 -0.600000 -1.64584800769185247e-01
17 -0.600000 -1.64584800769185247e-01
18 -0.600000 -1.64584800769185219e-01
19 -0.600000 -1.64584800769185247e-01
20 -0.600000 -1.64584800769185219e-01
1 -0.500000 -1.54285990174856086e-01
2 -0.500000 -1.54285990174856086e-01
3 -0.500000 -1.54285990174856086e-01
4 -0.500000 -1.54285990174856058e-01
5 -0.500000 -1.54285990174856058e-01
6 -0.500000 -1.54285990174856058e-01
7 -0.500000 -1.54285990174856086e-01
8 -0.500000 -1.54285990174856086e-01
9 -0.500000 -1.54285990174856058e-01
10 -0.500000 -1.54285990174856086e-01
11 -0.500000 -1.54285990174856086e-01
12 -0.500000 -1.54285990174856086e-01
13 -0.500000 -1.54285990174856086e-01
14 -0.500000 -1.54285990174856058e-01
15 -0.500000 -1.54285990174856058e-01
16 -0.500000 -1.54285990174856058e-01
17 -0.500000 -1.54285990174856058e-01
18 -0.500000 -1.54285990174856058e-01
19 -0.500000 -1.54285990174856086e-01
20 -0.500000 -1.54285990174856058e-01
1 -0.400000 -1.37838830572643817e-01
2 -0.400000 -1.37838830572643817e-01
3 -0.400000 -1.37838830572643817e-01
4 -0.400000 -1.37838830572643817e-01
5 -0.400000 -1.37838830572643817e-01
6 -0.400000 -1.37838830572643817e-01
7 -0.400000 -1.37838830572643817e-01
8 -0.400000 -1.37838830572643817e-01
9 -0.400000 -1.37838830572643817e-01
10 -0.400000 -1.37838830572643789e-01
11 -0.400000 -1.37838830572643817e-01
12 -0.400000 -1.37838830572643817e-01
13 -0.400000 -1.37838830572643817e-01
14 -0.400000 -1.37838830572643817e-01
15 -0.400000 -1.37838830572643845e-01
16 -0.400000 -1.37838830572643845e-01
17 -0.400000 -1.37838830572643817e-01
18 -0.400000 -1.37838830572643845e-01
19 -0.400000 -1.37838830572643817e-01
20 -0.400000 -1.37838830572643817e-01
1 -0.300000 -1.14629076457240742e-01
2 -0.300000 -1.14629076457240742e-01
3 -0.300000 -1.14629076457240742e-01
4 -0.300000 -1.14629076457240742e-01
5 -0.300000 -1.14629076457240742e-01
6 -0.300000 -1.14629076457240742e-01
7 -0.300000 -1.14629076457240742e-01
8 -0.300000 -1.14629076457240742e-01
9 -0.300000 -1.14629076457240742e-01
10 -0.300000 -1.14629076457240742e-01
11 -0.300000 -1.14629076457240742e-01
12 -0.300000 -1.14629076457240742e-01
13 -0.300000 -1.14629076457240742e-01
14 -0.300000 -1.14629076457240742e-01
15 -0.300000 -1.14629076457240742e-01
16 -0.300000 -1.14629076457240742e-01
17 -0.300000 -1.14629076457240769e-01
18 -0.300000 -1.14629076457240728e-01
19 -0.300000 -1.14629076457240742e-01
20 -0.300000 -1.14629076457240756e-01
1 -0.200000 -8.41485702178937228e-02
2 -0.200000 -8.41485702178937228e-02
3 -0.200000 -8.41485702178937089e-02
4 -0.200000 -8.41485702178937228e-02
5 -0.200000 -8.41485702178937228e-02
6 -0.200000 -8.41485702178937228e-02
7 -0.200000 -8.41485702178937089e-02
8 -0.200000 -8.41485702178937228e-02
9 -0.200000 -8.41485702178937089e-02
10 -0.200000 -8.41485702178937228e-02
11 -0.200000 -8.41485702178937367e-02
12 -0.200000 -8.41485702178937367e-02
13 -0.200000 -8.41485702178937367e-02
14 -0.200000 -8.41485702178937089e-02
15 -0.200000 -8.41485702178937367e-02
16 -0.200000 -8.41485702178937228e-02
17 -0.200000 -8.41485702178937228e-02
18 -0.200000 -8.41485702178937367e-02
19 -0.200000 -8.41485702178937228e-02
20 -0.200000 -8.41485702178937367e-02
1 -0.100000 -4.60172489545648405e-02
2 -0.100000 -4.60172489545648405e-02
3 -0.100000 -4.60172489545648405e-02
4 -0.100000 -4.60172489545648405e-02
5 -0.100000 -4.60172489545648405e-02
6 -0.100000 -4.60172489545648405e-02
7 -0.100000 -4.60172489545648336e-02
8 -0.100000 -4.60172489545648336e-02
9 -0.100000 -4.60172489545648336e-02
10 -0.100000 -4.60172489545648336e-02
11 -0.100000 -4.60172489545648405e-02
12 -0.100000 -4.60172489545648405e-02
13 -0.100000 -4.60172489545648336e-02
14 -0.100000 -4.60172489545648405e-02
15 -0.100000 -4.60172489545648336e-02
16 -0.100000 -4.60172489545648405e-02
17 -0.100000 -4.60172489545648405e-02
18 -0.100000 -4.60172489545648336e-02
19 -0.100000 -4.60172489545648336e-02
20 -0.100000 -4.60172489545648336e-02
1 0.000000 0.00000000000000000e+00
2 0.000000 0.00000000000000000e+00
3 0.000000 0.00000000000000000e+00
4 0.000000 0.00000000000000000e+00
5 0.000000 0.00000000000000000e+00
6 0.000000 0.00000000000000000e+00
7 0.000000 0.00000000000000000e+00
8 0.000000 0.00000000000000000e+00
9 0.000000 0.00000000000000000e+00
10 0.000000 0.00000000000000000e+00
11 0.000000 0.00000000000000000e+00
12 0.000000 0.00000000000000000e+00
13 0.000000 0.00000000000000000e+00
14 0.000000 0.00000000000000000e+00
15 0.000000 0.00000000000000000e+00
16 0.000000 0.00000000000000000e+00
17 0.000000 0.00000000000000000e+00
18 0.000000 0.00000000000000000e+00
19 0.000000 0.00000000000000000e+00
20 0.000000 0.00000000000000000e+00
1 0.100000 5.39827510454351650e-02
2 0.100000 5.39827510454351650e-02
3 0.100000 5.39827510454351650e-02
4 0.100000 5.39827510454351719e-02
5 0.100000 5.39827510454351650e-02
6 0.100000 5.39827510454351650e-02
7 0.100000 5.39827510454351719e-02
8 0.100000 5.39827510454351650e-02
9 0.100000 5.39827510454351789e-02
10 0.100000 5.39827510454351650e-02
11 0.100000 5.39827510454351650e-02
12 0.100000 5.39827510454351650e-02
13 0.100000 5.39827510454351650e-02
14 0.100000 5.39827510454351650e-02
15 0.100000 5.39827510454351650e-02
16 0.100000 5.39827510454351650e-02
17 0.100000 5.39827510454351650e-02
18 0.100000 5.39827510454351650e-02
19 0.100000 5.39827510454351650e-02
20 0.100000 5.39827510454351789e-02
1 0.200000 1.15851429782106302e-01
2 0.200000 1.15851429782106274e-01
3 0.200000 1.15851429782106274e-01
4 0.200000 1.15851429782106302e-01
5 0.200000 1.15851429782106274e-01
6 0.200000 1.15851429782106274e-01
7 0.200000 1.15851429782106288e-01
8 0.200000 1.15851429782106274e-01
9 0.200000 1.15851429782106288e-01
10 0.200000 1.15851429782106274e-01
11 0.200000 1.15851429782106288e-01
12 0.200000 1.15851429782106274e-01
13 0.200000 1.15851429782106288e-01
14 0.200000 1.15851429782106288e-01
15 0.200000 1.15851429782106274e-01
16 0.200000 1.15851429782106302e-01
17 0.200000 1.15851429782106274e-01
18 0.200000 1.15851429782106288e-01
19 0.200000 1.15851429782106288e-01
20 0.200000 1.15851429782106274e-01
1 0.300000 1.85370923542759275e-01
2 0.300000 1.85370923542759275e-01
3 0.300000 1.85370923542759275e-01
4 0.300000 1.85370923542759219e-01
5 0.300000 1.85370923542759219e-01
6 0.300000 1.85370923542759247e-01
7 0.300000 1.85370923542759275e-01
8 0.300000 1.85370923542759247e-01
9 0.300000 1.85370923542759275e-01
10 0.300000 1.85370923542759275e-01
11 0.300000 1.85370923542759219e-01
12 0.300000 1.85370923542759219e-01
13 0.300000 1.85370923542759219e-01
14 0.300000 1.85370923542759219e-01
15 0.300000 1.85370923542759275e-01
16 0.300000 1.85370923542759219e-01
17 0.300000 1.85370923542759275e-01
18 0.300000 1.85370923542759247e-01
19 0.300000 1.85370923542759219e-01
20 0.300000 1.85370923542759219e-01
1 0.400000 2.62161169427356178e-01
2 0.400000 2.62161169427356178e-01
3 0.400000 2.62161169427356178e-01
4 0.400000 2.62161169427356233e-01
5 0.400000 2.62161169427356233e-01
6 0.400000 2.62161169427356233e-01
7 0.400000 2.62161169427356178e-01
8 0.400000 2.62161169427356233e-01
9 0.400000 2.62161169427356178e-01
10 0.400000 2.62161169427356178e-01
11 0.400000 2.62161169427356178e-01
12 0.400000 2.62161169427356178e-01
13 0.400000 2.62161169427356233e-01
14 0.400000 2.62161169427356178e-01
15 0.400000 2.62161169427356233e-01
16 0.400000 2.62161169427356233e-01
17 0.400000 2.62161169427356233e-01
18 0.400000 2.62161169427356233e-01
19 0.400000 2.62161169427356233e-01
20 0.400000 2.62161169427356178e-01
1 0.500000 3.45714009825143942e-01
2 0.500000 3.45714009825143886e-01
3 0.500000 3.45714009825143942e-01
4 0.500000 3.45714009825143942e-01
5 0.500000 3.45714009825143942e-01
6 0.500000 3.45714009825143942e-01
7 0.500000 3.45714009825143942e-01
8 0.500000 3.45714009825143942e-01
9 0.500000 3.45714009825143942e-01
10 0.500000 3.45714009825143942e-01
11 0.500000 3.45714009825143942e-01
12 0.500000 3.45714009825143942e-01
13 0.500000 3.45714009825143886e-01
14 0.500000 3.45714009825143886e-01
15 0.500000 3.45714009825143942e-01
16 0.500000 3.45714009825143942e-01
17 0.500000 3.45714009825143886e-01
18 0.500000 3.45714009825143886e-01
19 0.500000 3.45714009825143886e-01
20 0.500000 3.45714009825143942e-01
1 0.600000 4.35415199230814731e-01
2 0.600000 4.35415199230814731e-01
3 0.600000 4.35415199230814731e-01
4 0.600000 4.35415199230814731e-01
5 0.600000 4.35415199230814787e-01
6 0.600000 4.35415199230814731e-01
7 0.600000 4.35415199230814676e-01
8 0.600000 4.35415199230814731e-01
9 0.600000 4.35415199230814731e-01
10 0.600000 4.35415199230814731e-01
11 0.600000 4.35415199230814731e-01
12 0.600000 4.35415199230814676e-01
13 0.600000 4.35415199230814731e-01
14 0.600000 4.35415199230814731e-01
15 0.600000 4.35415199230814676e-01
16 0.600000 4.35415199230814731e-01
17 0.600000 4.35415199230814676e-01
18 0.600000 4.35415199230814731e-01
19 0.600000 4.35415199230814676e-01
20 0.600000 4.35415199230814731e-01
1 0.700000 5.30570134705116714e-01
2 0.700000 5.30570134705116714e-01
3 0.700000 5.30570134705116714e-01
4 0.700000 5.30570134705116825e-01
5 0.700000 5.30570134705116825e-01
6 0.700000 5.30570134705116825e-01
7 0.700000 5.30570134705116714e-01
8 0.700000 5.30570134705116714e-01
9 0.700000 5.30570134705116714e-01
10 0.700000 5.30570134705116825e-01
11 0.700000 5.30570134705116714e-01
12 0.700000 5.30570134705116714e-01
13 0.700000 5.30570134705116714e-01
14 0.700000 5.30570134705116825e-01
15 0.700000 5.30570134705116714e-01
16 0.700000 5.30570134705116714e-01
17 0.700000 5.30570134705116714e-01
18 0.700000 5.30570134705116714e-01
19 0.700000 5.30570134705116714e-01
20 0.700000 5.30570134705116825e-01
1 0.800000 6.30431691436448061e-01
2 0.800000 6.30431691436448283e-01
3 0.800000 6.30431691436448172e-01
4 0.800000 6.30431691436448172e-01
5 0.800000 6.30431691436448061e-01
6 0.800000 6.30431691436448172e-01
7 0.800000 6.30431691436448061e-01
8 0.800000 6.30431691436448061e-01
9 0.800000 6.30431691436448172e-01
10 0.800000 6.30431691436448061e-01
11 0.800000 6.30431691436448061e-01
12 0.800000 6.30431691436448061e-01
13 0.800000 6.30431691436448172e-01
14 0.800000 6.30431691436448172e-01
15 0.800000 6.30431691436448061e-01
16 0.800000 6.30431691436448172e-01
17 0.800000 6.30431691436448283e-01
18 0.800000 6.30431691436448061e-01
19 0.800000 6.30431691436448061e-01
20 0.800000 6.30431691436448172e-01
1 0.900000 7.34228488709720684e-01
2 0.900000 7.34228488709720573e-01
3 0.900000 7.34228488709720684e-01
4 0.900000 7.34228488709720573e-01
5 0.900000 7.34228488709720573e-01
6 0.900000 7.34228488709720573e-01
7 0.900000 7.34228488709720462e-01
8 0.900000 7.34228488709720573e-01
9 0.900000 7.34228488709720573e-01
10 0.900000 7.34228488709720573e-01
11 0.900000 7.34228488709720573e-01
12 0.900000 7.34228488709720573e-01
13 0.900000 7.34228488709720573e-01
14 0.900000 7.34228488709720573e-01
15 0.900000 7.34228488709720573e-01
16 0.900000 7.34228488709720573e-01
17 0.900000 7.34228488709720684e-01
18 0.900000 7.34228488709720684e-01
19 0.900000 7.34228488709720684e-01
20 0.900000 7.34228488709720462e-01
1 1.000000 8.41191990608276763e-01
2 1.000000 8.41191990608276763e-01
3 1.000000 8.41191990608276652e-01
4 1.000000 8.41191990608276763e-01
5 1.000000 8.41191990608276763e-01
6 1.000000 8.41191990608276763e-01
7 1.000000 8.41191990608276763e-01
8 1.000000 8.41191990608276763e-01
9 1.000000 8.41191990608276652e-01
10 1.000000 8.41191990608276763e-01
11 1.000000 8.41191990608276763e-01
12 1.000000 8.41191990608276652e-01
13 1.000000 8.41191990608276763e-01
14 1.000000 8.41191990608276763e-01
15 1.000000 8.41191990608276652e-01
16 1.000000 8.41191990608276763e-01
17 1.000000 8.41191990608276763e-01
18 1.000000 8.41191990608276763e-01
19 1.000000 8.41191990608276652e-01
20 1.000000 8.41191990608276763e-01
1 1.100000 9.50581046174511002e-01
2 1.100000 9.50581046174510891e-01
3 1.100000 9.50581046174511002e-01
4 1.100000 9.50581046174511002e-01
5 1.100000 9.50581046174511002e-01
6 1.100000 9.50581046174510891e-01
7 1.100000 9.50581046174511002e-01
8 1.100000 9.50581046174511002e-01
9 1.100000 9.50581046174511113e-01
10 1.100000 9.50581046174511002e-01
11 1.100000 9.50581046174511002e-01
12 1.100000 9.50581046174510891e-01
13 1.100000 9.50581046174511002e-01
14 1.100000 9.50581046174511002e-01
15 1.100000 9.50581046174511002e-01
16 1.100000 9.50581046174511002e-01
17 1.100000 9.50581046174510891e-01
18 1.100000 9.50581046174510891e-01
19 1.100000 9.50581046174510891e-01
20 1.100000 9.50581046174510891e-01
1 1.200000 1.06170276913786488e+00
2 1.200000 1.06170276913786488e+00
3 1.200000 1.06170276913786488e+00
4 1.200000 1.06170276913786488e+00
5 1.200000 1.06170276913786488e+00
6 1.200000 1.06170276913786488e+00
7 1.200000 1.06170276913786488e+00
8 1.200000 1.06170276913786488e+00
9 1.200000 1.06170276913786488e+00
10 1.200000 1.06170276913786488e+00
11 1.200000 1.06170276913786488e+00
12 1.200000 1.06170276913786488e+00
13 1.200000 1.06170276913786488e+00
14 1.200000 1.06170276913786488e+00
15 1.200000 1.06170276913786488e+00
16 1.200000 1.06170276913786488e+00
17 1.200000 1.06170276913786488e+00
18 1.200000 1.06170276913786488e+00
19 1.200000 1.06170276913786488e+00
20 1.200000 1.06170276913786488e+00
1 1.300000 1.17392901231730939e+00
2 1.300000 1.17392901231730962e+00
3 1.300000 1.17392901231730939e+00
4 1.300000 1.17392901231730939e+00
5 1.300000 1.17392901231730962e+00
6 1.300000 1.17392901231730962e+00
7 1.300000 1.17392901231730939e+00
8 1.300000 1.17392901231730962e+00
9 1.300000 1.17392901231730962e+00
10 1.300000 1.17392901231730939e+00
11 1.300000 1.17392901231730939e+00
12 1.300000 1.17392901231730939e+00
13 1.300000 1.17392901231730962e+00
14 1.300000 1.17392901231730939e+00
15 1.300000 1.17392901231730939e+00
16 1.300000 1.17392901231730939e+00
17 1.300000 1.17392901231730939e+00
18 1.300000 1.17392901231730939e+00
19 1.300000 1.17392901231730939e+00
20 1.300000 1.17392901231730939e+00
1 1.400000 1.28670806716119457e+00
2 1.400000 1.28670806716119435e+00
3 1.400000 1.28670806716119435e+00
4 1.400000 1.28670806716119435e+00
5 1.400000 1.28670806716119435e+00
6 1.400000 1.28670806716119457e+00
7 1.400000 1.28670806716119435e+00
8 1.400000 1.28670806716119435e+00
9 1.400000 1.28670806716119457e+00
10 1.400000 1.28670806716119435e+00
11 1.400000 1.28670806716119457e+00
12 1.400000 1.28670806716119435e+00
13 1.400000 1.28670806716119457e+00
14 1.400000 1.28670806716119457e+00
15 1.400000 1.28670806716119457e+00
16 1.400000 1.28670806716119435e+00
17 1.400000 1.28670806716119435e+00
18 1.400000 1.28670806716119435e+00
19 1.400000 1.28670806716119435e+00
20 1.400000 1.28670806716119457e+00
1 1.500000 1.39957157698023305e+00
2 1.500000 1.39957157698023282e+00
3 1.500000 1.39957157698023305e+00
4 1.500000 1.39957157698023282e+00
5 1.500000 1.39957157698023305e+00
6 1.500000 1.39957157698023305e+00
7 1.500000 1.39957157698023282e+00
8 1.500000 1.39957157698023305e+00
9 1.500000 1.39957157698023282e+00
10 1.500000 1.39957157698023282e+00
11 1.500000 1.39957157698023282e+00
12 1.500000 1.39957157698023305e+00
13 1.500000 1.39957157698023282e+00
14 1.500000 1.39957157698023282e+00
15 1.500000 1.39957157698023305e+00
16 1.500000 1.39957157698023305e+00
17 1.500000 1.39957157698023282e+00
18 1.500000 1.39957157698023305e+00
19 1.500000 1.39957157698023282e+00
20 1.500000 1.39957157698023305e+00
1 1.600000 1.51213696214436144e+00
2 1.600000 1.51213696214436166e+00
3 1.600000 1.51213696214436188e+00
4 1.600000 1.51213696214436166e+00
5 1.600000 1.51213696214436166e+00
6 1.600000 1.51213696214436188e+00
7 1.600000 1.51213696214436144e+00
8 1.600000 1.51213696214436166e+00
9 1.600000 1.51213696214436166e+00
10 1.600000 1.51213696214436166e+00
11 1.600000 1.51213696214436166e+00
12 1.600000 1.51213696214436166e+00
13 1.600000 1.51213696214436166e+00
14 1.600000 1.51213696214436144e+00
15 1.600000 1.51213696214436166e+00
16 1.600000 1.51213696214436166e+00
17 1.600000 1.51213696214436166e+00
18 1.600000 1.51213696214436166e+00
19 1.600000 1.51213696214436144e+00
20 1.600000 1.51213696214436166e+00
1 1.700000 1.62410589555115603e+00
2 1.700000 1.62410589555115603e+00
3 1.700000 1.62410589555115603e+00
4 1.700000 1.62410589555115603e+00
5 1.700000 1.62410589555115603e+00
6 1.700000 1.62410589555115603e+00
7 1.700000 1.62410589555115603e+00
8 1.700000 1.62410589555115625e+00
9 1.700000 1.62410589555115603e+00
10 1.700000 1.62410589555115603e+00
11 1.700000 1.62410589555115625e+00
12 1.700000 1.62410589555115603e+00
13 1.700000 1.62410589555115603e+00
14 1.700000 1.62410589555115625e+00
15 1.700000 1.62410589555115603e+00
16 1.700000 1.62410589555115625e+00
17 1.700000 1.62410589555115603e+00
18 1.700000 1.62410589555115603e+00
19 1.700000 1.62410589555115603e+00
20 1.700000 1.62410589555115625e+00
1 1.800000 1.73525952684592988e+00
2 1.800000 1.73525952684592988e+00
3 1.800000 1.73525952684592988e+00
4 1.800000 1.73525952684592988e+00
5 1.800000 1.73525952684592966e+00
6 1.800000 1.73525952684592988e+00
7 1.800000 1.73525952684592988e+00
8 1.800000 1.73525952684592988e+00
9 1.800000 1.73525952684592966e+00
10 1.800000 1.73525952684592988e+00
11 1.800000 1.73525952684592966e+00
12 1.800000 1.73525952684592988e+00
13 1.800000 1.73525952684592966e+00
14 1.800000 1.73525952684592988e+00
15 1.800000 1.73525952684592988e+00
16 1.800000 1.73525952684592966e+00
17 1.800000 1.73525952684592988e+00
18 1.800000 1.73525952684592966e+00
19 1.800000 1.73525952684592988e+00
20 1.800000 1.73525952684592988e+00
1 1.900000 1.84545123445533266e+00
2 1.900000 1.84545123445533266e+00
3 1.900000 1.84545123445533266e+00
4 1.900000 1.84545123445533266e+00
5 1.900000 1.84545123445533266e+00
6 1.900000 1.84545123445533266e+00
7 1.900000 1.84545123445533266e+00
8 1.900000 1.84545123445533266e+00
9 1.900000 1.84545123445533266e+00
10 1.900000 1.84545123445533266e+00
11 1.900000 1.84545123445533266e+00
12 1.900000 1.84545123445533266e+00
13 1.900000 1.84545123445533243e+00
14 1.900000 1.84545123445533243e+00
15 1.900000 1.84545123445533266e+00
16 1.900000 1.84545123445533243e+00
17 1.900000 1.84545123445533266e+00
18 1.900000 1.84545123445533243e+00
19 1.900000 1.84545123445533243e+00
20 1.900000 1.84545123445533266e+00
1 2.000000 1.95459769408777517e+00
2 2.000000 1.95459769408777495e+00
3 2.000000 1.95459769408777517e+00
4 2.000000 1.95459769408777517e+00
5 2.000000 1.95459769408777495e+00
6 2.000000 1.95459769408777495e+00
7 2.000000 1.95459769408777517e+00
8 2.000000 1.95459769408777495e+00
9 2.000000 1.95459769408777517e+00
10 2.000000 1.95459769408777495e+00
11 2.000000 1.95459769408777495e+00
12 2.000000 1.95459769408777495e+00
13 2.000000 1.95459769408777495e+00
14 2.000000 1.95459769408777517e+00
15 2.000000 1.95459769408777495e+00
16 2.000000 1.95459769408777495e+00
17 2.000000 1.95459769408777495e+00
18 2.000000 1.95459769408777495e+00
19 2.000000 1.95459769408777495e+00
20 2.000000 1.95459769408777517e+00
1 2.100000 2.06266900496111205e+00
2 2.100000 2.06266900496111250e+00
3 2.100000 2.06266900496111205e+00
4 2.100000 2.06266900496111250e+00
5 2.100000 2.06266900496111250e+00
6 2.100000 2.06266900496111205e+00
7 2.100000 2.06266900496111250e+00
8 2.100000 2.06266900496111250e+00
9 2.100000 2.06266900496111205e+00
10 2.100000 2.06266900496111250e+00
11 2.100000 2.06266900496111205e+00
12 2.100000 2.06266900496111205e+00
13 2.100000 2.06266900496111205e+00
14 2.100000 2.06266900496111205e+00
15 2.100000 2.06266900496111205e+00
16 2.100000 2.06266900496111205e+00
17 2.100000 2.06266900496111205e+00
18 2.100000 2.06266900496111250e+00
19 2.100000 2.06266900496111250e+00
20 2.100000 2.06266900496111250e+00
1 2.200000 2.16967852703801167e+00
2 2.200000 2.16967852703801167e+00
3 2.200000 2.16967852703801167e+00
4 2.200000 2.16967852703801167e+00
5 2.200000 2.16967852703801123e+00
6 2.200000 2.16967852703801167e+00
7 2.200000 2.16967852703801123e+00
8 2.200000 2.16967852703801167e+00
9 2.200000 2.16967852703801167e+00
10 2.200000 2.16967852703801167e+00
11 2.200000 2.16967852703801167e+00
12 2.200000 2.16967852703801167e+00
13 2.200000 2.16967852703801167e+00
14 2.200000 2.16967852703801123e+00
15 2.200000 2.16967852703801167e+00
16 2.200000 2.16967852703801167e+00
17 2.200000 2.16967852703801167e+00
18 2.200000 2.16967852703801167e+00
19 2.200000 2.16967852703801123e+00
20 2.200000 2.16967852703801123e+00
1 2.300000 2.27567297020408077e+00
2 2.300000 2.27567297020408033e+00
3 2.300000 2.27567297020408077e+00
4 2.300000 2.27567297020408077e+00
5 2.300000 2.27567297020408077e+00
6 2.300000 2.27567297020408077e+00
7 2.300000 2.27567297020408077e+00
8 2.300000 2.27567297020408077e+00
9 2.300000 2.27567297020408077e+00
10 2.300000 2.27567297020408077e+00
11 2.300000 2.27567297020408077e+00
12 2.300000 2.27567297020408033e+00
13 2.300000 2.27567297020408077e+00
14 2.300000 2.27567297020408077e+00
15 2.300000 2.27567297020408077e+00
16 2.300000 2.27567297020408033e+00
17 2.300000 2.27567297020408121e+00
18 2.300000 2.27567297020408121e+00
19 2.300000 2.27567297020408077e+00
20 2.300000 2.27567297020408077e+00
1 2.400000 2.38072315384439781e+00
2 2.400000 2.38072315384439825e+00
3 2.400000 2.38072315384439825e+00
4 2.400000 2.38072315384439825e+00
5 2.400000 2.38072315384439825e+00
6 2.400000 2.38072315384439870e+00
7 2.400000 2.38072315384439825e+00
8 2.400000 2.38072315384439825e+00
9 2.400000 2.38072315384439781e+00
10 2.400000 2.38072315384439781e+00
11 2.400000 2.38072315384439825e+00
12 2.400000 2.38072315384439781e+00
13 2.400000 2.38072315384439825e+00
14 2.400000 2.38072315384439781e+00
15 2.400000 2.38072315384439825e+00
16 2.400000 2.38072315384439825e+00
17 2.400000 2.38072315384439825e+00
18 2.400000 2.38072315384439870e+00
19 2.400000 2.38072315384439825e+00
20 2.400000 2.38072315384439870e+00
1 2.500000 2.48491573391000120e+00
2 2.500000 2.48491573391000120e+00
3 2.500000 2.48491573391000165e+00
4 2.500000 2.48491573391000120e+00
5 2.500000 2.48491573391000120e+00
6 2.500000 2.48491573391000165e+00
7 2.500000 2.48491573391000120e+00
8 2.500000 2.48491573391000120e+00
9 2.500000 2.48491573391000165e+00
10 2.500000 2.48491573391000120e+00
11 2.500000 2.48491573391000165e+00
12 2.500000 2.48491573391000165e+00
13 2.500000 2.48491573391000120e+00
14 2.500000 2.48491573391000165e+00
15 2.500000 2.48491573391000165e+00
16 2.500000 2.48491573391000120e+00
17 2.500000 2.48491573391000165e+00
18 2.500000 2.48491573391000165e+00
19 2.500000 2.48491573391000165e+00
20 2.500000 2.48491573391000120e+00
1 2.600000 2.58834608231475727e+00
2 2.600000 2.58834608231475771e+00
3 2.600000 2.58834608231475771e+00
4 2.600000 2.58834608231475727e+00
5 2.600000 2.58834608231475727e+00
6 2.600000 2.58834608231475727e+00
7 2.600000 2.58834608231475771e+00
8 2.600000 2.58834608231475771e+00
9 2.600000 2.58834608231475771e+00
10 2.600000 2.58834608231475727e+00
11 2.600000 2.58834608231475727e+00
12 2.600000 2.58834608231475727e+00
13 2.600000 2.58834608231475727e+00
14 2.600000 2.58834608231475771e+00
15 2.600000 2.58834608231475727e+00
16 2.600000 2.58834608231475727e+00
17 2.600000 2.58834608231475727e+00
18 2.600000 2.58834608231475727e+00
19 2.600000 2.58834608231475727e+00
20 2.600000 2.58834608231475771e+00
1 2.700000 2.69111240536053176e+00
2 2.700000 2.69111240536053264e+00
3 2.700000 2.69111240536053220e+00
4 2.700000 2.69111240536053264e+00
5 2.700000 2.69111240536053220e+00
6 2.700000 2.69111240536053220e+00
7 2.700000 2.69111240536053264e+00
8 2.700000 2.69111240536053220e+00
9 2.700000 2.69111240536053220e+00
10 2.700000 2.69111240536053220e+00
11 2.700000 2.69111240536053220e+00
12 2.700000 2.69111240536053264e+00
13 2.700000 2.69111240536053220e+00
14 2.700000 2.69111240536053264e+00
15 2.700000 2.69111240536053220e+00
16 2.700000 2.69111240536053264e+00
17 2.700000 2.69111240536053220e+00
18 2.700000 2.69111240536053220e+00
19 2.700000 2.69111240536053220e+00
20 2.700000 2.69111240536053220e+00
1 2.800000 2.79331110639312064e+00
2 2.800000 2.79331110639312019e+00
3 2.800000 2.79331110639312064e+00
4 2.800000 2.79331110639312064e+00
5 2.800000 2.79331110639312019e+00
6 2.800000 2.79331110639312108e+00
7 2.800000 2.79331110639312064e+00
8 2.800000 2.79331110639312064e+00
9 2.800000 2.79331110639312064e+00
10 2.800000 2.79331110639312064e+00
11 2.800000 2.79331110639312064e+00
12 2.800000 2.79331110639312019e+00
13 2.800000 2.79331110639312064e+00
14 2.800000 2.79331110639312064e+00
15 2.800000 2.79331110639312064e+00
16 2.800000 2.79331110639312064e+00
17 2.800000 2.79331110639312064e+00
18 2.800000 2.79331110639312064e+00
19 2.800000 2.79331110639312064e+00
20 2.800000 2.79331110639312019e+00
1 2.900000 2.89503333376452821e+00
2 2.900000 2.89503333376452821e+00
3 2.900000 2.89503333376452821e+00
4 2.900000 2.89503333376452865e+00
5 2.900000 2.89503333376452821e+00
6 2.900000 2.89503333376452865e+00
7 2.900000 2.89503333376452865e+00
8 2.900000 2.89503333376452821e+00
9 2.900000 2.89503333376452821e+00
10 2.900000 2.89503333376452865e+00
11 2.900000 2.89503333376452821e+00
12 2.900000 2.89503333376452865e+00
13 2.900000 2.89503333376452821e+00
14 2.900000 2.89503333376452821e+00
15 2.900000 2.89503333376452865e+00
16 2.900000 2.89503333376452865e+00
17 2.900000 2.89503333376452865e+00
18 2.900000 2.89503333376452865e+00
19 2.900000 2.89503333376452821e+00
20 2.900000 2.89503333376452865e+00
1 3.000000 2.99636260791822684e+00
2 3.000000 2.99636260791822728e+00
3 3.000000 2.99636260791822728e+00
4 3.000000 2.99636260791822684e+00
5 3.000000 2.99636260791822684e+00
6 3.000000 2.99636260791822684e+00
7 3.000000 2.99636260791822728e+00
8 3.000000 2.99636260791822728e+00
9 3.000000 2.99636260791822728e+00
10 3.000000 2.99636260791822684e+00
11 3.000000 2.99636260791822684e+00
12 3.000000 2.99636260791822728e+00
13 3.000000 2.99636260791822684e+00
14 3.000000 2.99636260791822684e+00
15 3.000000 2.99636260791822684e+00
16 3.000000 2.99636260791822684e+00
17 3.000000 2.99636260791822684e+00
18 3.000000 2.99636260791822684e+00
19 3.000000 2.99636260791822728e+00
20 3.000000 2.99636260791822728e+00
1 3.100000 3.09737338976945020e+00
2 3.100000 3.09737338976945020e+00
3 3.100000 3.09737338976945020e+00
4 3.100000 3.09737338976945020e+00
5 3.100000 3.09737338976945065e+00
6 3.100000 3.09737338976945065e+00
7 3.100000 3.09737338976945065e+00
8 3.100000 3.09737338976945020e+00
9 3.100000 3.09737338976945020e+00
10 3.100000 3.09737338976945065e+00
11 3.100000 3.09737338976945020e+00
12 3.100000 3.09737338976945020e+00
13 3.100000 3.09737338976945020e+00
14 3.100000 3.09737338976945020e+00
15 3.100000 3.09737338976945065e+00
16 3.100000 3.09737338976945065e+00
17 3.100000 3.09737338976945020e+00
18 3.100000 3.09737338976945020e+00
19 3.100000 3.09737338976945065e+00
20 3.100000 3.09737338976945020e+00
1 3.200000 3.19813043483791581e+00
2 3.200000 3.19813043483791581e+00
3 3.200000 3.19813043483791581e+00
4 3.200000 3.19813043483791581e+00
5 3.200000 3.19813043483791581e+00
6 3.200000 3.19813043483791626e+00
7 3.200000 3.19813043483791581e+00
8 3.200000 3.19813043483791581e+00
9 3.200000 3.19813043483791537e+00
10 3.200000 3.19813043483791581e+00
11 3.200000 3.19813043483791537e+00
12 3.200000 3.19813043483791581e+00
13 3.200000 3.19813043483791581e+00
14 3.200000 3.19813043483791581e+00
15 3.200000 3.19813043483791537e+00
16 3.200000 3.19813043483791581e+00
17 3.200000 3.19813043483791581e+00
18 3.200000 3.19813043483791581e+00
19 3.200000 3.19813043483791581e+00
20 3.200000 3.19813043483791537e+00
1 3.300000 3.29868877188166421e+00
2 3.300000 3.29868877188166421e+00
3 3.300000 3.29868877188166421e+00
4 3.300000 3.29868877188166376e+00
5 3.300000 3.29868877188166421e+00
6 3.300000 3.29868877188166421e+00
7 3.300000 3.29868877188166376e+00
8 3.300000 3.29868877188166421e+00
9 3.300000 3.29868877188166421e+00
10 3.300000 3.29868877188166376e+00
11 3.300000 3.29868877188166421e+00
12 3.300000 3.29868877188166376e+00
13 3.300000 3.29868877188166376e+00
14 3.300000 3.29868877188166421e+00
15 3.300000 3.29868877188166376e+00
16 3.300000 3.29868877188166376e+00
17 3.300000 3.29868877188166376e+00
18 3.300000 3.29868877188166376e+00
19 3.300000 3.29868877188166376e+00
20 3.300000 3.29868877188166376e+00
1 3.400000 3.39909414901654605e+00
2 3.400000 3.39909414901654650e+00
3 3.400000 3.39909414901654605e+00
4 3.400000 3.39909414901654605e+00
5 3.400000 3.39909414901654650e+00
6 3.400000 3.39909414901654605e+00
7 3.400000 3.39909414901654650e+00
8 3.400000 3.39909414901654605e+00
9 3.400000 3.39909414901654650e+00
10 3.400000 3.39909414901654605e+00
11 3.400000 3.39909414901654605e+00
12 3.400000 3.39909414901654650e+00
13 3.400000 3.39909414901654650e+00
14 3.400000 3.39909414901654650e+00
15 3.400000 3.39909414901654605e+00
16 3.400000 3.39909414901654605e+00
17 3.400000 3.39909414901654650e+00
18 3.400000 3.39909414901654650e+00
19 3.400000 3.39909414901654650e+00
20 3.400000 3.39909414901654650e+00
1 3.500000 3.49938380234462665e+00
2 3.500000 3.49938380234462665e+00
3 3.500000 3.49938380234462620e+00
4 3.500000 3.49938380234462620e+00
5 3.500000 3.49938380234462620e+00
6 3.500000 3.49938380234462665e+00
7 3.500000 3.49938380234462620e+00
8 3.500000 3.49938380234462620e+00
9 3.500000 3.49938380234462620e+00
10 3.500000 3.49938380234462620e+00
11 3.500000 3.49938380234462620e+00
12 3.500000 3.49938380234462620e+00
13 3.500000 3.49938380234462620e+00
14 3.500000 3.49938380234462620e+00
15 3.500000 3.49938380234462620e+00
16 3.500000 3.49938380234462620e+00
17 3.500000 3.49938380234462665e+00
18 3.500000 3.49938380234462620e+00
19 3.500000 3.49938380234462620e+00
20 3.500000 3.49938380234462620e+00
1 3.600000 3.59958741978583641e+00
2 3.600000 3.59958741978583685e+00
3 3.600000 3.59958741978583641e+00
4 3.600000 3.59958741978583685e+00
5 3.600000 3.59958741978583641e+00
6 3.600000 3.59958741978583641e+00
7 3.600000 3.59958741978583641e+00
8 3.600000 3.59958741978583641e+00
9 3.600000 3.59958741978583641e+00
10 3.600000 3.59958741978583685e+00
11 3.600000 3.59958741978583641e+00
12 3.600000 3.59958741978583685e+00
13 3.600000 3.59958741978583641e+00
14 3.600000 3.59958741978583641e+00
15 3.600000 3.59958741978583596e+00
16 3.600000 3.59958741978583641e+00
17 3.600000 3.59958741978583685e+00
18 3.600000 3.59958741978583641e+00
19 3.600000 3.59958741978583641e+00
20 3.600000 3.59958741978583685e+00
1 3.700000 3.69972819397860819e+00
2 3.700000 3.69972819397860775e+00
3 3.700000 3.69972819397860819e+00
4 3.700000 3.69972819397860775e+00
5 3.700000 3.69972819397860819e+00
6 3.700000 3.69972819397860819e+00
7 3.700000 3.69972819397860819e+00
8 3.700000 3.69972819397860775e+00
9 3.700000 3.69972819397860819e+00
10 3.700000 3.69972819397860775e+00
11 3.700000 3.69972819397860775e+00
12 3.700000 3.69972819397860775e+00
13 3.700000 3.69972819397860775e+00
14 3.700000 3.69972819397860775e+00
15 3.700000 3.69972819397860864e+00
16 3.700000 3.69972819397860775e+00
17 3.700000 3.69972819397860819e+00
18 3.700000 3.69972819397860819e+00
19 3.700000 3.69972819397860864e+00
20 3.700000 3.69972819397860775e+00
1 3.800000 3.79982388078285815e+00
2 3.800000 3.79982388078285815e+00
3 3.800000 3.79982388078285860e+00
4 3.800000 3.79982388078285815e+00
5 3.800000 3.79982388078285815e+00
6 3.800000 3.79982388078285815e+00
7 3.800000 3.79982388078285815e+00
8 3.800000 3.79982388078285815e+00
9 3.800000 3.79982388078285815e+00
10 3.800000 3.79982388078285860e+00
11 3.800000 3.79982388078285860e+00
12 3.800000 3.79982388078285815e+00
13 3.800000 3.79982388078285815e+00
14 3.800000 3.79982388078285860e+00
15 3.800000 3.79982388078285860e+00
16 3.800000 3.79982388078285815e+00
17 3.800000 3.79982388078285815e+00
18 3.800000 3.79982388078285860e+00
19 3.800000 3.79982388078285860e+00
20 3.800000 3.79982388078285815e+00
1 3.900000 3.89988780230812981e+00
2 3.900000 3.89988780230812981e+00
3 3.900000 3.89988780230812981e+00
4 3.900000 3.89988780230812937e+00
5 3.900000 3.89988780230812937e+00
6 3.900000 3.89988780230812981e+00
7 3.900000 3.89988780230812937e+00
8 3.900000 3.89988780230812937e+00
9 3.900000 3.89988780230812981e+00
10 3.900000 3.89988780230812981e+00
11 3.900000 3.89988780230812981e+00
12 3.900000 3.89988780230812981e+00
13 3.900000 3.89988780230812981e+00
14 3.900000 3.89988780230812981e+00
15 3.900000 3.89988780230812981e+00
16 3.900000 3.89988780230812981e+00
17 3.900000 3.89988780230812981e+00
18 3.900000 3.89988780230812981e+00
19 3.900000 3.89988780230812937e+00
20 3.900000 3.89988780230812981e+00
1 4.000000 3.99992975405180751e+00
2 4.000000 3.99992975405180795e+00
3 4.000000 3.99992975405180751e+00
4 4.000000 3.99992975405180795e+00
5 4.000000 3.99992975405180751e+00
6 4.000000 3.99992975405180751e+00
7 4.000000 3.99992975405180795e+00
8 4.000000 3.99992975405180751e+00
9 4.000000 3.99992975405180751e+00
10 4.000000 3.99992975405180751e+00
11 4.000000 3.99992975405180751e+00
12 4.000000 3.99992975405180795e+00
13 4.000000 3.99992975405180795e+00
14 4.000000 3.99992975405180751e+00
15 4.000000 3.99992975405180751e+00
16 4.000000 3.99992975405180795e+00
17 4.000000 3.99992975405180795e+00
18 4.000000 3.99992975405180751e+00
19 4.000000 3.99992975405180795e+00
20 4.000000 3.99992975405180795e+00
