i x result
1 -4.000000 -7.02459074091166258e-05
2 -4.000000 -7.02459074091166258e-05
3 -4.000000 -7.02459801686927676e-05
4 -4.000000 -7.02459074091166258e-05
5 -4.000000 -7.02459074091166258e-05
6 -4.000000 -7.02459146850742400e-05
7 -4.000000 -7.02459146850742400e-05
8 -4.000000 -7.02459146850742400e-05
9 -4.000000 -7.02459146850742400e-05
10 -4.000000 -7.02459801686927676e-05
11 -4.000000 -7.02459074091166258e-05
12 -4.000000 -7.02459074091166258e-05
13 -4.000000 -7.02459074091166258e-05
14 -4.000000 -7.02459146850742400e-05
15 -4.000000 -7.02458492014557123e-05
16 -4.000000 -7.02459146850742400e-05
17 -4.000000 -7.02459146850742400e-05
18 -4.000000 -7.02459074091166258e-05
19 -4.000000 -7.02459074091166258e-05
20 -4.000000 -7.02459074091166258e-05
1 -3.900000 -1.12197601993102580e-04
2 -3.900000 -1.12197703856509179e-04
3 -3.900000 -1.12197703856509179e-04
4 -3.900000 -1.12197601993102580e-04
5 -3.900000 -1.12197703856509179e-04
6 -3.900000 -1.12197492853738368e-04
7 -3.900000 -1.12197703856509179e-04
8 -3.900000 -1.12197703856509179e-04
9 -3.900000 -1.12197703856509179e-04
10 -3.900000 -1.12197601993102580e-04
11 -3.900000 -1.12197601993102580e-04
12 -3.900000 -1.12197609269060194e-04
13 -3.900000 -1.12197703856509179e-04
14 -3.900000 -1.12197609269060194e-04
15 -3.900000 -1.12197609269060194e-04
16 -3.900000 -1.12197703856509179e-04
17 -3.900000 -1.12197703856509179e-04
18 -3.900000 -1.12197609269060194e-04
19 -3.900000 -1.12197609269060194e-04
20 -3.900000 -1.12197609269060194e-04
1 -3.800000 -1.76119356183335185e-04
2 -3.800000 -1.76119356183335185e-04
3 -3.800000 -1.76119196112267673e-04
4 -3.800000 -1.76119196112267673e-04
5 -3.800000 -1.76119006937369704e-04
6 -3.800000 -1.76119196112267673e-04
7 -3.800000 -1.76119356183335185e-04
8 -3.800000 -1.76119006937369704e-04
9 -3.800000 -1.76119196112267673e-04
10 -3.800000 -1.76119196112267673e-04
11 -3.800000 -1.76119196112267673e-04
12 -3.800000 -1.76119181560352445e-04
13 -3.800000 -1.76119196112267673e-04
14 -3.800000 -1.76119356183335185e-04
15 -3.800000 -1.76119356183335185e-04
16 -3.800000 -1.76119196112267673e-04
17 -3.800000 -1.76119196112267673e-04
18 -3.800000 -1.76119356183335185e-04
19 -3.800000 -1.76119341631419957e-04
20 -3.800000 -1.76119196112267673e-04
1 -3.700000 -2.71805678494274616e-04
2 -3.700000 -2.71805969532579184e-04
3 -3.700000 -2.71805707598105073e-04
4 -3.700000 -2.71805969532579184e-04
5 -3.700000 -2.71805940428748727e-04
6 -3.700000 -2.71806231467053294e-04
7 -3.700000 -2.71805940428748727e-04
8 -3.700000 -2.71805969532579184e-04
9 -3.700000 -2.71805969532579184e-04
10 -3.700000 -2.71805969532579184e-04
11 -3.700000 -2.71805969532579184e-04
12 -3.700000 -2.71805678494274616e-04
13 -3.700000 -2.71805940428748727e-04
14 -3.700000 -2.71805678494274616e-04
15 -3.700000 -2.71805707598105073e-04
16 -3.700000 -2.71805969532579184e-04
17 -3.700000 -2.71805969532579184e-04
18 -3.700000 -2.71805678494274616e-04
19 -3.700000 -2.71805969532579184e-04
20 -3.700000 -2.71805678494274616e-04
1 -3.600000 -4.12580557167530060e-04
2 -3.600000 -4.12580557167530060e-04
3 -3.600000 -4.12580149713903666e-04
4 -3.600000 -4.12580557167530060e-04
5 -3.600000 -4.12580120610073209e-04
6 -3.600000 -4.12580149713903666e-04
7 -3.600000 -4.12580149713903666e-04
8 -3.600000 -4.12580149713903666e-04
9 -3.600000 -4.12580149713903666e-04
10 -3.600000 -4.12580557167530060e-04
11 -3.600000 -4.12580557167530060e-04
12 -3.600000 -4.12580935517325997e-04
13 -3.600000 -4.12580557167530060e-04
14 -3.600000 -4.12580557167530060e-04
15 -3.600000 -4.12580557167530060e-04
16 -3.600000 -4.12580149713903666e-04
17 -3.600000 -4.12580557167530060e-04
18 -3.600000 -4.12580586271360517e-04
19 -3.600000 -4.12580557167530060e-04
20 -3.600000 -4.12580120610073209e-04
1 -3.500000 -6.16197881754487753e-04
2 -3.500000 -6.16197299677878618e-04
3 -3.500000 -6.16197881754487753e-04
4 -3.500000 -6.16197299677878618e-04
5 -3.500000 -6.16197299677878618e-04
6 -3.500000 -6.16197881754487753e-04
7 -3.500000 -6.16197241470217705e-04
8 -3.500000 -6.16197241470217705e-04
9 -3.500000 -6.16197299677878618e-04
10 -3.500000 -6.16197881754487753e-04
11 -3.500000 -6.16197299677878618e-04
12 -3.500000 -6.16197299677878618e-04
13 -3.500000 -6.16197881754487753e-04
14 -3.500000 -6.16197299677878618e-04
15 -3.500000 -6.16197299677878618e-04
16 -3.500000 -6.16197881754487753e-04
17 -3.500000 -6.16197299677878618e-04
18 -3.500000 -6.16197299677878618e-04
19 -3.500000 -6.16197881754487753e-04
20 -3.500000 -6.16197299677878618e-04
1 -3.400000 -9.05850378330796957e-04
2 -3.400000 -9.05851193238049746e-04
3 -3.400000 -9.05851193238049746e-04
4 -3.400000 -9.05850378330796957e-04
5 -3.400000 -9.05850378330796957e-04
6 -3.400000 -9.05850378330796957e-04
7 -3.400000 -9.05851193238049746e-04
8 -3.400000 -9.05849447008222342e-04
9 -3.400000 -9.05851193238049746e-04
10 -3.400000 -9.05850378330796957e-04
11 -3.400000 -9.05850320123136044e-04
12 -3.400000 -9.05851193238049746e-04
13 -3.400000 -9.05851135030388832e-04
14 -3.400000 -9.05850320123136044e-04
15 -3.400000 -9.05850378330796957e-04
16 -3.400000 -9.05850378330796957e-04
17 -3.400000 -9.05850378330796957e-04
18 -3.400000 -9.05850378330796957e-04
19 -3.400000 -9.05850378330796957e-04
20 -3.400000 -9.05850378330796957e-04
1 -3.300000 -1.31122756283730268e-03
2 -3.300000 -1.31122814491391182e-03
3 -3.300000 -1.31122756283730268e-03
4 -3.300000 -1.31122814491391182e-03
5 -3.300000 -1.31122756283730268e-03
6 -3.300000 -1.31122814491391182e-03
7 -3.300000 -1.31122814491391182e-03
8 -3.300000 -1.31122826132923365e-03
9 -3.300000 -1.31122826132923365e-03
10 -3.300000 -1.31122814491391182e-03
11 -3.300000 -1.31122826132923365e-03
12 -3.300000 -1.31122884340584278e-03
13 -3.300000 -1.31122756283730268e-03
14 -3.300000 -1.31122756283730268e-03
15 -3.300000 -1.31122814491391182e-03
16 -3.300000 -1.31122942548245192e-03
17 -3.300000 -1.31122814491391182e-03
18 -3.300000 -1.31122884340584278e-03
19 -3.300000 -1.31122756283730268e-03
20 -3.300000 -1.31122814491391182e-03
1 -3.200000 -1.86956429388374090e-03
2 -3.200000 -1.86956429388374090e-03
3 -3.200000 -1.86956429388374090e-03
4 -3.200000 -1.86956510879099369e-03
5 -3.200000 -1.86956429388374090e-03
6 -3.200000 -1.86956510879099369e-03
7 -3.200000 -1.86956429388374090e-03
8 -3.200000 -1.86956429388374090e-03
9 -3.200000 -1.86956429388374090e-03
10 -3.200000 -1.86956429388374090e-03
11 -3.200000 -1.86956429388374090e-03
12 -3.200000 -1.86956499237567186e-03
13 -3.200000 -1.86956510879099369e-03
14 -3.200000 -1.86956510879099369e-03
15 -3.200000 -1.86956429388374090e-03
16 -3.200000 -1.86956429388374090e-03
17 -3.200000 -1.86956510879099369e-03
18 -3.200000 -1.86956510879099369e-03
19 -3.200000 -1.86956510879099369e-03
20 -3.200000 -1.86956417746841908e-03
1 -3.100000 -2.62661138549447060e-03
2 -3.100000 -2.62660998851060867e-03
3 -3.100000 -2.62661115266382694e-03
4 -3.100000 -2.62660882435739040e-03
5 -3.100000 -2.62661022134125233e-03
6 -3.100000 -2.62661115266382694e-03
7 -3.100000 -2.62661022134125233e-03
8 -3.100000 -2.62661115266382694e-03
9 -3.100000 -2.62661138549447060e-03
10 -3.100000 -2.62661115266382694e-03
11 -3.100000 -2.62661138549447060e-03
12 -3.100000 -2.62661138549447060e-03
13 -3.100000 -2.62661115266382694e-03
14 -3.100000 -2.62660882435739040e-03
15 -3.100000 -2.62661115266382694e-03
16 -3.100000 -2.62660882435739040e-03
17 -3.100000 -2.62660882435739040e-03
18 -3.100000 -2.62661115266382694e-03
19 -3.100000 -2.62661254964768887e-03
20 -3.100000 -2.62661115266382694e-03
1 -3.000000 -3.63739090971648693e-03
2 -3.000000 -3.63739114254713058e-03
3 -3.000000 -3.63739277236163616e-03
4 -3.000000 -3.63739253953099251e-03
5 -3.000000 -3.63739253953099251e-03
6 -3.000000 -3.63739114254713058e-03
7 -3.000000 -3.63739253953099251e-03
8 -3.000000 -3.63739090971648693e-03
9 -3.000000 -3.63739114254713058e-03
10 -3.000000 -3.63739090971648693e-03
11 -3.000000 -3.63739114254713058e-03
12 -3.000000 -3.63739114254713058e-03
13 -3.000000 -3.63739277236163616e-03
14 -3.000000 -3.63739277236163616e-03
15 -3.000000 -3.63739114254713058e-03
16 -3.000000 -3.63739277236163616e-03
17 -3.000000 -3.63739277236163616e-03
18 -3.000000 -3.63739277236163616e-03
19 -3.000000 -3.63739114254713058e-03
20 -3.000000 -3.63739253953099251e-03
1 -2.900000 -4.96666226536035538e-03
2 -2.900000 -4.96666505932807922e-03
3 -2.900000 -4.96666505932807922e-03
4 -2.900000 -4.96666226536035538e-03
5 -2.900000 -4.96666738763451576e-03
6 -2.900000 -4.96666273102164268e-03
7 -2.900000 -4.96666040271520615e-03
8 -2.900000 -4.96666273102164268e-03
9 -2.900000 -4.96666273102164268e-03
10 -2.900000 -4.96666273102164268e-03
11 -2.900000 -4.96666226536035538e-03
12 -2.900000 -4.96666226536035538e-03
13 -2.900000 -4.96666505932807922e-03
14 -2.900000 -4.96666505932807922e-03
15 -2.900000 -4.96666692197322845e-03
16 -2.900000 -4.96666040271520615e-03
17 -2.900000 -4.96666505932807922e-03
18 -2.900000 -4.96666505932807922e-03
19 -2.900000 -4.96666273102164268e-03
20 -2.900000 -4.96666505932807922e-03
1 -2.800000 -6.68889377266168594e-03
2 -2.800000 -6.68889377266168594e-03
3 -2.800000 -6.68889377266168594e-03
4 -2.800000 -6.68889377266168594e-03
5 -2.800000 -6.68889377266168594e-03
6 -2.800000 -6.68889377266168594e-03
7 -2.800000 -6.68889377266168594e-03
8 -2.800000 -6.68889656662940979e-03
9 -2.800000 -6.68889330700039864e-03
10 -2.800000 -6.68889656662940979e-03
11 -2.800000 -6.68889377266168594e-03
12 -2.800000 -6.68889377266168594e-03
13 -2.800000 -6.68889377266168594e-03
14 -2.800000 -6.68889377266168594e-03
15 -2.800000 -6.68889377266168594e-03
16 -2.800000 -6.68889656662940979e-03
17 -2.800000 -6.68889004737138748e-03
18 -2.800000 -6.68889377266168594e-03
19 -2.800000 -6.68889377266168594e-03
20 -2.800000 -6.68889377266168594e-03
1 -2.700000 -8.88759270310401917e-03
2 -2.700000 -8.88759270310401917e-03
3 -2.700000 -8.88759270310401917e-03
4 -2.700000 -8.88759270310401917e-03
5 -2.700000 -8.88759642839431763e-03
6 -2.700000 -8.88759270310401917e-03
7 -2.700000 -8.88759270310401917e-03
8 -2.700000 -8.88759177178144455e-03
9 -2.700000 -8.88759270310401917e-03
10 -2.700000 -8.88758897781372070e-03
11 -2.700000 -8.88759270310401917e-03
12 -2.700000 -8.88759270310401917e-03
13 -2.700000 -8.88759270310401917e-03
14 -2.700000 -8.88759270310401917e-03
15 -2.700000 -8.88759270310401917e-03
16 -2.700000 -8.88759270310401917e-03
17 -2.700000 -8.88759177178144455e-03
18 -2.700000 -8.88759270310401917e-03
19 -2.700000 -8.88759735971689224e-03
20 -2.700000 -8.88759177178144455e-03
1 -2.600000 -1.16539178416132927e-02
2 -2.600000 -1.16539234295487404e-02
3 -2.600000 -1.16539234295487404e-02
4 -2.600000 -1.16539234295487404e-02
5 -2.600000 -1.16539169102907181e-02
6 -2.600000 -1.16539234295487404e-02
7 -2.600000 -1.16539178416132927e-02
8 -2.600000 -1.16539224982261658e-02
9 -2.600000 -1.16539234295487404e-02
10 -2.600000 -1.16539178416132927e-02
11 -2.600000 -1.16539224982261658e-02
12 -2.600000 -1.16539234295487404e-02
13 -2.600000 -1.16539169102907181e-02
14 -2.600000 -1.16539178416132927e-02
15 -2.600000 -1.16539234295487404e-02
16 -2.600000 -1.16539178416132927e-02
17 -2.600000 -1.16539113223552704e-02
18 -2.600000 -1.16539178416132927e-02
19 -2.600000 -1.16539234295487404e-02
20 -2.600000 -1.16539224982261658e-02
1 -2.500000 -1.50842629373073578e-02
2 -2.500000 -1.50842629373073578e-02
3 -2.500000 -1.50842629373073578e-02
4 -2.500000 -1.50842629373073578e-02
5 -2.500000 -1.50842629373073578e-02
6 -2.500000 -1.50842629373073578e-02
7 -2.500000 -1.50842703878879547e-02
8 -2.500000 -1.50842629373073578e-02
9 -2.500000 -1.50842629373073578e-02
10 -2.500000 -1.50842629373073578e-02
11 -2.500000 -1.50842629373073578e-02
12 -2.500000 -1.50842629373073578e-02
13 -2.500000 -1.50842629373073578e-02
14 -2.500000 -1.50842694565653801e-02
15 -2.500000 -1.50842703878879547e-02
16 -2.500000 -1.50842694565653801e-02
17 -2.500000 -1.50842629373073578e-02
18 -2.500000 -1.50842629373073578e-02
19 -2.500000 -1.50842629373073578e-02
20 -2.500000 -1.50842629373073578e-02
1 -2.400000 -1.92768424749374390e-02
2 -2.400000 -1.92768424749374390e-02
3 -2.400000 -1.92768406122922897e-02
4 -2.400000 -1.92768424749374390e-02
5 -2.400000 -1.92768350243568420e-02
6 -2.400000 -1.92768424749374390e-02
7 -2.400000 -1.92768331617116928e-02
8 -2.400000 -1.92768331617116928e-02
9 -2.400000 -1.92768424749374390e-02
10 -2.400000 -1.92768424749374390e-02
11 -2.400000 -1.92768350243568420e-02
12 -2.400000 -1.92768331617116928e-02
13 -2.400000 -1.92768406122922897e-02
14 -2.400000 -1.92768331617116928e-02
15 -2.400000 -1.92768424749374390e-02
16 -2.400000 -1.92768424749374390e-02
17 -2.400000 -1.92768424749374390e-02
18 -2.400000 -1.92768517881631851e-02
19 -2.400000 -1.92768424749374390e-02
20 -2.400000 -1.92768424749374390e-02
1 -2.300000 -2.43270285427570343e-02
2 -2.300000 -2.43270285427570343e-02
3 -2.300000 -2.43270285427570343e-02
4 -2.300000 -2.43270155042409897e-02
5 -2.300000 -2.43270266801118851e-02
6 -2.300000 -2.43270285427570343e-02
7 -2.300000 -2.43270285427570343e-02
8 -2.300000 -2.43270285427570343e-02
9 -2.300000 -2.43270285427570343e-02
10 -2.300000 -2.43270266801118851e-02
11 -2.300000 -2.43270285427570343e-02
12 -2.300000 -2.43270285427570343e-02
13 -2.300000 -2.43270285427570343e-02
14 -2.300000 -2.43270285427570343e-02
15 -2.300000 -2.43270285427570343e-02
16 -2.300000 -2.43270285427570343e-02
17 -2.300000 -2.43270266801118851e-02
18 -2.300000 -2.43270285427570343e-02
19 -2.300000 -2.43270285427570343e-02
20 -2.300000 -2.43270285427570343e-02
1 -2.200000 -3.03214546293020248e-02
2 -2.200000 -3.03214546293020248e-02
3 -2.200000 -3.03214713931083679e-02
4 -2.200000 -3.03214713931083679e-02
5 -2.200000 -3.03214564919471741e-02
6 -2.200000 -3.03214564919471741e-02
7 -2.200000 -3.03214713931083679e-02
8 -2.200000 -3.03214713931083679e-02
9 -2.200000 -3.03214713931083679e-02
10 -2.200000 -3.03214564919471741e-02
11 -2.200000 -3.03214713931083679e-02
12 -2.200000 -3.03214713931083679e-02
13 -2.200000 -3.03214564919471741e-02
14 -2.200000 -3.03214713931083679e-02
15 -2.200000 -3.03214713931083679e-02
16 -2.200000 -3.03214713931083679e-02
17 -2.200000 -3.03214546293020248e-02
18 -2.200000 -3.03214546293020248e-02
19 -2.200000 -3.03214713931083679e-02
20 -2.200000 -3.03214713931083679e-02
1 -2.100000 -3.73309999704360962e-02
2 -2.100000 -3.73309850692749023e-02
3 -2.100000 -3.73309999704360962e-02
4 -2.100000 -3.73309850692749023e-02
5 -2.100000 -3.73309850692749023e-02
6 -2.100000 -3.73309999704360962e-02
7 -2.100000 -3.73309999704360962e-02
8 -2.100000 -3.73309850692749023e-02
9 -2.100000 -3.73310185968875885e-02
10 -2.100000 -3.73310185968875885e-02
11 -2.100000 -3.73310185968875885e-02
12 -2.100000 -3.73309999704360962e-02
13 -2.100000 -3.73309999704360962e-02
14 -2.100000 -3.73309850692749023e-02
15 -2.100000 -3.73309813439846039e-02
16 -2.100000 -3.73309850692749023e-02
17 -2.100000 -3.73309999704360962e-02
18 -2.100000 -3.73309999704360962e-02
19 -2.100000 -3.73310185968875885e-02
20 -2.100000 -3.73310185968875885e-02
1 -2.000000 -4.54023182392120361e-02
2 -2.000000 -4.54022921621799469e-02
3 -2.000000 -4.54023070633411407e-02
4 -2.000000 -4.54023145139217377e-02
5 -2.000000 -4.54023070633411407e-02
6 -2.000000 -4.54022958874702454e-02
7 -2.000000 -4.54022958874702454e-02
8 -2.000000 -4.54023145139217377e-02
9 -2.000000 -4.54022847115993500e-02
10 -2.000000 -4.54023107886314392e-02
11 -2.000000 -4.54023145139217377e-02
12 -2.000000 -4.54023107886314392e-02
13 -2.000000 -4.54023070633411407e-02
14 -2.000000 -4.54023070633411407e-02
15 -2.000000 -4.54023070633411407e-02
16 -2.000000 -4.54023070633411407e-02
17 -2.000000 -4.54023145139217377e-02
18 -2.000000 -4.54023070633411407e-02
19 -2.000000 -4.54023070633411407e-02
20 -2.000000 -4.54023070633411407e-02
1 -1.900000 -5.45487627387046814e-02
2 -1.900000 -5.45487403869628906e-02
3 -1.900000 -5.45487627387046814e-02
4 -1.900000 -5.45487552881240845e-02
5 -1.900000 -5.45487403869628906e-02
6 -1.900000 -5.45487776398658752e-02
7 -1.900000 -5.45487627387046814e-02
8 -1.900000 -5.45487664639949799e-02
9 -1.900000 -5.45487664639949799e-02
10 -1.900000 -5.45487627387046814e-02
11 -1.900000 -5.45487627387046814e-02
12 -1.900000 -5.45487627387046814e-02
13 -1.900000 -5.45487664639949799e-02
14 -1.900000 -5.45487664639949799e-02
15 -1.900000 -5.45487552881240845e-02
16 -1.900000 -5.45487627387046814e-02
17 -1.900000 -5.45487664639949799e-02
18 -1.900000 -5.45487403869628906e-02
19 -1.900000 -5.45487776398658752e-02
20 -1.900000 -5.45487664639949799e-02
1 -1.800000 -6.47404715418815613e-02
2 -1.800000 -6.47404789924621582e-02
3 -1.800000 -6.47404938936233521e-02
4 -1.800000 -6.47404938936233521e-02
5 -1.800000 -6.47404640913009644e-02
6 -1.800000 -6.47404640913009644e-02
7 -1.800000 -6.47404789924621582e-02
8 -1.800000 -6.47404566407203674e-02
9 -1.800000 -6.47404789924621582e-02
10 -1.800000 -6.47405013442039490e-02
11 -1.800000 -6.47404938936233521e-02
12 -1.800000 -6.47404640913009644e-02
13 -1.800000 -6.47404640913009644e-02
14 -1.800000 -6.47404640913009644e-02
15 -1.800000 -6.47404640913009644e-02
16 -1.800000 -6.47404938936233521e-02
17 -1.800000 -6.47404640913009644e-02
18 -1.800000 -6.47404640913009644e-02
19 -1.800000 -6.47404789924621582e-02
20 -1.800000 -6.47404640913009644e-02
1 -1.700000 -7.58941024541854858e-02
2 -1.700000 -7.58940875530242920e-02
3 -1.700000 -7.58941173553466797e-02
4 -1.700000 -7.58941024541854858e-02
5 -1.700000 -7.58940875530242920e-02
6 -1.700000 -7.58941024541854858e-02
7 -1.700000 -7.58940801024436951e-02
8 -1.700000 -7.58940950036048889e-02
9 -1.700000 -7.58940801024436951e-02
10 -1.700000 -7.58940875530242920e-02
11 -1.700000 -7.58940875530242920e-02
12 -1.700000 -7.58940801024436951e-02
13 -1.700000 -7.58940801024436951e-02
14 -1.700000 -7.58941024541854858e-02
15 -1.700000 -7.58940801024436951e-02
16 -1.700000 -7.58940950036048889e-02
17 -1.700000 -7.58941024541854858e-02
18 -1.700000 -7.58941024541854858e-02
19 -1.700000 -7.58941024541854858e-02
20 -1.700000 -7.58940801024436951e-02
1 -1.600000 -8.78630131483078003e-02
2 -1.600000 -8.78630504012107849e-02
3 -1.600000 -8.78630355000495911e-02
4 -1.600000 -8.78630355000495911e-02
5 -1.600000 -8.78630355000495911e-02
6 -1.600000 -8.78630131483078003e-02
7 -1.600000 -8.78630355000495911e-02
8 -1.600000 -8.78630205988883972e-02
9 -1.600000 -8.78630355000495911e-02
10 -1.600000 -8.78630504012107849e-02
11 -1.600000 -8.78630355000495911e-02
12 -1.600000 -8.78630355000495911e-02
13 -1.600000 -8.78630504012107849e-02
14 -1.600000 -8.78630355000495911e-02
15 -1.600000 -8.78630355000495911e-02
16 -1.600000 -8.78630355000495911e-02
17 -1.600000 -8.78630355000495911e-02
18 -1.600000 -8.78630205988883972e-02
19 -1.600000 -8.78630131483078003e-02
20 -1.600000 -8.78630504012107849e-02
1 -1.500000 -1.00428424775600433e-01
2 -1.500000 -1.00428424775600433e-01
3 -1.500000 -1.00428424775600433e-01
4 -1.500000 -1.00428432226181030e-01
5 -1.500000 -1.00428394973278046e-01
6 -1.500000 -1.00428402423858643e-01
7 -1.500000 -1.00428424775600433e-01
8 -1.500000 -1.00428424775600433e-01
9 -1.500000 -1.00428424775600433e-01
10 -1.500000 -1.00428424775600433e-01
11 -1.500000 -1.00428402423858643e-01
12 -1.500000 -1.00428402423858643e-01
13 -1.500000 -1.00428424775600433e-01
14 -1.500000 -1.00428424775600433e-01
15 -1.500000 -1.00428394973278046e-01
16 -1.500000 -1.00428424775600433e-01
17 -1.500000 -1.00428424775600433e-01
18 -1.500000 -1.00428424775600433e-01
19 -1.500000 -1.00428402423858643e-01
20 -1.500000 -1.00428402423858643e-01
1 -1.400000 -1.13291926681995392e-01
2 -1.400000 -1.13291926681995392e-01
3 -1.400000 -1.13291934132575989e-01
4 -1.400000 -1.13291934132575989e-01
5 -1.400000 -1.13291926681995392e-01
6 -1.400000 -1.13291934132575989e-01
7 -1.400000 -1.13291934132575989e-01
8 -1.400000 -1.13291934132575989e-01
9 -1.400000 -1.13291934132575989e-01
10 -1.400000 -1.13291934132575989e-01
11 -1.400000 -1.13291934132575989e-01
12 -1.400000 -1.13291926681995392e-01
13 -1.400000 -1.13291926681995392e-01
14 -1.400000 -1.13291934132575989e-01
15 -1.400000 -1.13291926681995392e-01
16 -1.400000 -1.13291926681995392e-01
17 -1.400000 -1.13291934132575989e-01
18 -1.400000 -1.13291934132575989e-01
19 -1.400000 -1.13291926681995392e-01
20 -1.400000 -1.13291926681995392e-01
1 -1.300000 -1.26071006059646606e-01
2 -1.300000 -1.26070976257324219e-01
3 -1.300000 -1.26071006059646606e-01
4 -1.300000 -1.26070991158485413e-01
5 -1.300000 -1.26071006059646606e-01
6 -1.300000 -1.26070976257324219e-01
7 -1.300000 -1.26070961356163025e-01
8 -1.300000 -1.26071006059646606e-01
9 -1.300000 -1.26070991158485413e-01
10 -1.300000 -1.26070961356163025e-01
11 -1.300000 -1.26070991158485413e-01
12 -1.300000 -1.26070961356163025e-01
13 -1.300000 -1.26070991158485413e-01
14 -1.300000 -1.26070961356163025e-01
15 -1.300000 -1.26070961356163025e-01
16 -1.300000 -1.26071006059646606e-01
17 -1.300000 -1.26071006059646606e-01
18 -1.300000 -1.26070991158485413e-01
19 -1.300000 -1.26070961356163025e-01
20 -1.300000 -1.26071006059646606e-01
1 -1.200000 -1.38297230005264282e-01
2 -1.200000 -1.38297244906425476e-01
3 -1.200000 -1.38297244906425476e-01
4 -1.200000 -1.38297230005264282e-01
5 -1.200000 -1.38297215104103088e-01
6 -1.200000 -1.38297230005264282e-01
7 -1.200000 -1.38297215104103088e-01
8 -1.200000 -1.38297215104103088e-01
9 -1.200000 -1.38297215104103088e-01
10 -1.200000 -1.38297230005264282e-01
11 -1.200000 -1.38297215104103088e-01
12 -1.200000 -1.38297230005264282e-01
13 -1.200000 -1.38297230005264282e-01
14 -1.200000 -1.38297230005264282e-01
15 -1.200000 -1.38297215104103088e-01
16 -1.200000 -1.38297230005264282e-01
17 -1.200000 -1.38297230005264282e-01
18 -1.200000 -1.38297230005264282e-01
19 -1.200000 -1.38297230005264282e-01
20 -1.200000 -1.38297215104103088e-01
1 -1.100000 -1.49418964982032776e-01
2 -1.100000 -1.49418950080871582e-01
3 -1.100000 -1.49418935179710388e-01
4 -1.100000 -1.49418935179710388e-01
5 -1.100000 -1.49418964982032776e-01
6 -1.100000 -1.49418950080871582e-01
7 -1.100000 -1.49418920278549194e-01
8 -1.100000 -1.49418935179710388e-01
9 -1.100000 -1.49418935179710388e-01
10 -1.100000 -1.49418964982032776e-01
11 -1.100000 -1.49418950080871582e-01
12 -1.100000 -1.49418964982032776e-01
13 -1.100000 -1.49418964982032776e-01
14 -1.100000 -1.49418964982032776e-01
15 -1.100000 -1.49418935179710388e-01
16 -1.100000 -1.49418964982032776e-01
17 -1.100000 -1.49418935179710388e-01
18 -1.100000 -1.49418935179710388e-01
19 -1.100000 -1.49418935179710388e-01
20 -1.100000 -1.49418935179710388e-01
1 -1.000000 -1.58808037638664246e-01
2 -1.000000 -1.58808007836341858e-01
3 -1.000000 -1.58808022737503052e-01
4 -1.000000 -1.58808007836341858e-01
5 -1.000000 -1.58807978034019470e-01
6 -1.000000 -1.58807992935180664e-01
7 -1.000000 -1.58808007836341858e-01
8 -1.000000 -1.58807992935180664e-01
9 -1.000000 -1.58808007836341858e-01
10 -1.000000 -1.58808022737503052e-01
11 -1.000000 -1.58808007836341858e-01
12 -1.000000 -1.58807992935180664e-01
13 -1.000000 -1.58807992935180664e-01
14 -1.000000 -1.58808007836341858e-01
15 -1.000000 -1.58808022737503052e-01
16 -1.000000 -1.58808007836341858e-01
17 -1.000000 -1.58808007836341858e-01
18 -1.000000 -1.58808007836341858e-01
19 -1.000000 -1.58807992935180664e-01
20 -1.000000 -1.58807992935180664e-01
1 -0.900000 -1.65771499276161194e-01
2 -0.900000 -1.65771514177322388e-01
3 -0.900000 -1.65771499276161194e-01
4 -0.900000 -1.65771529078483582e-01
5 -0.900000 -1.65771514177322388e-01
6 -0.900000 -1.65771499276161194e-01
7 -0.900000 -1.65771499276161194e-01
8 -0.900000 -1.65771499276161194e-01
9 -0.900000 -1.65771514177322388e-01
10 -0.900000 -1.65771499276161194e-01
11 -0.900000 -1.65771514177322388e-01
12 -0.900000 -1.65771499276161194e-01
13 -0.900000 -1.65771499276161194e-01
14 -0.900000 -1.65771499276161194e-01
15 -0.900000 -1.65771514177322388e-01
16 -0.900000 -1.65771499276161194e-01
17 -0.900000 -1.65771499276161194e-01
18 -0.900000 -1.65771499276161194e-01
19 -0.900000 -1.65771514177322388e-01
20 -0.900000 -1.65771499276161194e-01
1 -0.800000 -1.69568315148353577e-01
2 -0.800000 -1.69568315148353577e-01
3 -0.800000 -1.69568300247192383e-01
4 -0.800000 -1.69568300247192383e-01
5 -0.800000 -1.69568315148353577e-01
6 -0.800000 -1.69568315148353577e-01
7 -0.800000 -1.69568300247192383e-01
8 -0.800000 -1.69568300247192383e-01
9 -0.800000 -1.69568300247192383e-01
10 -0.800000 -1.69568300247192383e-01
11 -0.800000 -1.69568300247192383e-01
12 -0.800000 -1.69568315148353577e-01
13 -0.800000 -1.69568344950675964e-01
14 -0.800000 -1.69568300247192383e-01
15 -0.800000 -1.69568300247192383e-01
16 -0.800000 -1.69568300247192383e-01
17 -0.800000 -1.69568315148353577e-01
18 -0.800000 -1.69568315148353577e-01
19 -0.800000 -1.69568300247192383e-01
20 -0.800000 -1.69568315148353577e-01
1 -0.700000 -1.69429868459701538e-01
2 -0.700000 -1.69429868459701538e-01
3 -0.700000 -1.69429853558540344e-01
4 -0.700000 -1.69429853558540344e-01
5 -0.700000 -1.69429853558540344e-01
6 -0.700000 -1.69429853558540344e-01
7 -0.700000 -1.69429883360862732e-01
8 -0.700000 -1.69429883360862732e-01
9 -0.700000 -1.69429883360862732e-01
10 -0.700000 -1.69429853558540344e-01
11 -0.700000 -1.69429868459701538e-01
12 -0.700000 -1.69429883360862732e-01
13 -0.700000 -1.69429868459701538e-01
14 -0.700000 -1.69429838657379150e-01
15 -0.700000 -1.69429868459701538e-01
16 -0.700000 -1.69429868459701538e-01
17 -0.700000 -1.69429853558540344e-01
18 -0.700000 -1.69429883360862732e-01
19 -0.700000 -1.69429853558540344e-01
20 -0.700000 -1.69429853558540344e-01
1 -0.600000 -1.64584815502166748e-01
2 -0.600000 -1.64584800601005554e-01
3 -0.600000 -1.64584785699844360e-01
4 -0.600000 -1.64584800601005554e-01
5 -0.600000 -1.64584800601005554e-01
6 -0.600000 -1.64584815502166748e-01
7 -0.600000 -1.64584800601005554e-01
8 -0.600000 -1.64584800601005554e-01
9 -0.600000 -1.64584800601005554e-01
10 -0.600000 -1.64584785699844360e-01
11 -0.600000 -1.64584800601005554e-01
12 -0.600000 -1.64584800601005554e-01
13 -0.600000 -1.64584815502166748e-01
14 -0.600000 -1.64584815502166748e-01
15 -0.600000 -1.64584800601005554e-01
16 -0.600000 -1.64584815502166748e-01
17 -0.600000 -1.64584785699844360e-01
18 -0.600000 -1.64584800601005554e-01
19 -0.600000 -1.64584800601005554e-01
20 -0.600000 -1.64584800601005554e-01
1 -0.500000 -1.54285982251167297e-01
2 -0.500000 -1.54285982251167297e-01
3 -0.500000 -1.54285982251167297e-01
4 -0.500000 -1.54285982251167297e-01
5 -0.500000 -1.54285997152328491e-01
6 -0.500000 -1.54285997152328491e-01
7 -0.500000 -1.54285982251167297e-01
8 -0.500000 -1.54285997152328491e-01
9 -0.500000 -1.54285997152328491e-01
10 -0.500000 -1.54285982251167297e-01
11 -0.500000 -1.54285982251167297e-01
12 -0.500000 -1.54285997152328491e-01
13 -0.500000 -1.54285982251167297e-01
14 -0.500000 -1.54285982251167297e-01
15 -0.500000 -1.54285982251167297e-01
16 -0.500000 -1.54285997152328491e-01
17 -0.500000 -1.54285982251167297e-01
18 -0.500000 -1.54285997152328491e-01
19 -0.500000 -1.54285982251167297e-01
20 -0.500000 -1.54285982251167297e-01
1 -0.400000 -1.37838825583457947e-01
2 -0.400000 -1.37838825583457947e-01
3 -0.400000 -1.37838825583457947e-01
4 -0.400000 -1.37838840484619141e-01
5 -0.400000 -1.37838840484619141e-01
6 -0.400000 -1.37838825583457947e-01
7 -0.400000 -1.37838840484619141e-01
8 -0.400000 -1.37838825583457947e-01
9 -0.400000 -1.37838810682296753e-01
10 -0.400000 -1.37838840484619141e-01
11 -0.400000 -1.37838825583457947e-01
12 -0.400000 -1.37838825583457947e-01
13 -0.400000 -1.37838825583457947e-01
14 -0.400000 -1.37838825583457947e-01
15 -0.400000 -1.37838810682296753e-01
16 -0.400000 -1.37838825583457947e-01
17 -0.400000 -1.37838840484619141e-01
18 -0.400000 -1.37838825583457947e-01
19 -0.400000 -1.37838825583457947e-01
20 -0.400000 -1.37838825583457947e-01
1 -0.300000 -1.14629082381725311e-01
2 -0.300000 -1.14629089832305908e-01
3 -0.300000 -1.14629074931144714e-01
4 -0.300000 -1.14629089832305908e-01
5 -0.300000 -1.14629074931144714e-01
6 -0.300000 -1.14629082381725311e-01
7 -0.300000 -1.14629074931144714e-01
8 -0.300000 -1.14629089832305908e-01
9 -0.300000 -1.14629074931144714e-01
10 -0.300000 -1.14629074931144714e-01
11 -0.300000 -1.14629074931144714e-01
12 -0.300000 -1.14629074931144714e-01
13 -0.300000 -1.14629082381725311e-01
14 -0.300000 -1.14629074931144714e-01
15 -0.300000 -1.14629074931144714e-01
16 -0.300000 -1.14629082381725311e-01
17 -0.300000 -1.14629082381725311e-01
18 -0.300000 -1.14629082381725311e-01
19 -0.300000 -1.14629082381725311e-01
20 -0.300000 -1.14629074931144714e-01
1 -0.200000 -8.41485634446144104e-02
2 -0.200000 -8.41485634446144104e-02
3 -0.200000 -8.41485783457756042e-02
4 -0.200000 -8.41485708951950073e-02
5 -0.200000 -8.41485708951950073e-02
6 -0.200000 -8.41485783457756042e-02
7 -0.200000 -8.41485708951950073e-02
8 -0.200000 -8.41485708951950073e-02
9 -0.200000 -8.41485783457756042e-02
10 -0.200000 -8.41485708951950073e-02
11 -0.200000 -8.41485708951950073e-02
12 -0.200000 -8.41485708951950073e-02
13 -0.200000 -8.41485783457756042e-02
14 -0.200000 -8.41485634446144104e-02
15 -0.200000 -8.41485634446144104e-02
16 -0.200000 -8.41485634446144104e-02
17 -0.200000 -8.41485708951950073e-02
18 -0.200000 -8.41485708951950073e-02
19 -0.200000 -8.41485708951950073e-02
20 -0.200000 -8.41485783457756042e-02
1 -0.100000 -4.60172444581985474e-02
2 -0.100000 -4.60172519087791443e-02
3 -0.100000 -4.60172481834888458e-02
4 -0.100000 -4.60172519087791443e-02
5 -0.100000 -4.60172481834888458e-02
6 -0.100000 -4.60172444581985474e-02
7 -0.100000 -4.60172444581985474e-02
8 -0.100000 -4.60172519087791443e-02
9 -0.100000 -4.60172481834888458e-02
10 -0.100000 -4.60172519087791443e-02
11 -0.100000 -4.60172519087791443e-02
12 -0.100000 -4.60172519087791443e-02
13 -0.100000 -4.60172444581985474e-02
14 -0.100000 -4.60172519087791443e-02
15 -0.100000 -4.60172481834888458e-02
16 -0.100000 -4.60172481834888458e-02
17 -0.100000 -4.60172519087791443e-02
18 -0.100000 -4.60172519087791443e-02
19 -0.100000 -4.60172519087791443e-02
20 -0.100000 -4.60172481834888458e-02
1 0.000000 0.00000000000000000e+00
2 0.000000 0.00000000000000000e+00
3 0.000000 0.00000000000000000e+00
4 0.000000 0.00000000000000000e+00
5 0.000000 0.00000000000000000e+00
6 0.000000 0.00000000000000000e+00
7 0.000000 0.00000000000000000e+00
8 0.000000 0.00000000000000000e+00
9 0.000000 0.00000000000000000e+00
10 0.000000 0.00000000000000000e+00
11 0.000000 0.00000000000000000e+00
12 0.000000 0.00000000000000000e+00
13 0.000000 0.00000000000000000e+00
14 0.000000 0.00000000000000000e+00
15 0.000000 0.00000000000000000e+00
16 0.000000 0.00000000000000000e+00
17 0.000000 0.00000000000000000e+00
18 0.000000 0.00000000000000000e+00
19 0.000000 0.00000000000000000e+00
20 0.000000 0.00000000000000000e+00
1 0.100000 5.39827533066272736e-02
2 0.100000 5.39827533066272736e-02
3 0.100000 5.39827495813369751e-02
4 0.100000 5.39827495813369751e-02
5 0.100000 5.39827533066272736e-02
6 0.100000 5.39827495813369751e-02
7 0.100000 5.39827533066272736e-02
8 0.100000 5.39827533066272736e-02
9 0.100000 5.39827495813369751e-02
10 0.100000 5.39827495813369751e-02
11 0.100000 5.39827495813369751e-02
12 0.100000 5.39827533066272736e-02
13 0.100000 5.39827533066272736e-02
14 0.100000 5.39827495813369751e-02
15 0.100000 5.39827533066272736e-02
16 0.100000 5.39827495813369751e-02
17 0.100000 5.39827495813369751e-02
18 0.100000 5.39827533066272736e-02
19 0.100000 5.39827495813369751e-02
20 0.100000 5.39827533066272736e-02
1 0.200000 1.15851432085037231e-01
2 0.200000 1.15851432085037231e-01
3 0.200000 1.15851432085037231e-01
4 0.200000 1.15851432085037231e-01
5 0.200000 1.15851432085037231e-01
6 0.200000 1.15851424634456635e-01
7 0.200000 1.15851432085037231e-01
8 0.200000 1.15851424634456635e-01
9 0.200000 1.15851432085037231e-01
10 0.200000 1.15851432085037231e-01
11 0.200000 1.15851432085037231e-01
12 0.200000 1.15851432085037231e-01
13 0.200000 1.15851432085037231e-01
14 0.200000 1.15851432085037231e-01
15 0.200000 1.15851432085037231e-01
16 0.200000 1.15851432085037231e-01
17 0.200000 1.15851432085037231e-01
18 0.200000 1.15851432085037231e-01
19 0.200000 1.15851432085037231e-01
20 0.200000 1.15851432085037231e-01
1 0.300000 1.85370922088623047e-01
2 0.300000 1.85370936989784241e-01
3 0.300000 1.85370922088623047e-01
4 0.300000 1.85370936989784241e-01
5 0.300000 1.85370936989784241e-01
6 0.300000 1.85370936989784241e-01
7 0.300000 1.85370936989784241e-01
8 0.300000 1.85370922088623047e-01
9 0.300000 1.85370936989784241e-01
10 0.300000 1.85370936989784241e-01
11 0.300000 1.85370922088623047e-01
12 0.300000 1.85370936989784241e-01
13 0.300000 1.85370936989784241e-01
14 0.300000 1.85370936989784241e-01
15 0.300000 1.85370922088623047e-01
16 0.300000 1.85370936989784241e-01
17 0.300000 1.85370936989784241e-01
18 0.300000 1.85370936989784241e-01
19 0.300000 1.85370936989784241e-01
20 0.300000 1.85370936989784241e-01
1 0.400000 2.62161165475845337e-01
2 0.400000 2.62161165475845337e-01
3 0.400000 2.62161165475845337e-01
4 0.400000 2.62161195278167725e-01
5 0.400000 2.62161195278167725e-01
6 0.400000 2.62161165475845337e-01
7 0.400000 2.62161165475845337e-01
8 0.400000 2.62161195278167725e-01
9 0.400000 2.62161195278167725e-01
10 0.400000 2.62161195278167725e-01
11 0.400000 2.62161195278167725e-01
12 0.400000 2.62161165475845337e-01
13 0.400000 2.62161195278167725e-01
14 0.400000 2.62161165475845337e-01
15 0.400000 2.62161195278167725e-01
16 0.400000 2.62161165475845337e-01
17 0.400000 2.62161165475845337e-01
18 0.400000 2.62161165475845337e-01
19 0.400000 2.62161165475845337e-01
20 0.400000 2.62161165475845337e-01
1 0.500000 3.45714032649993896e-01
2 0.500000 3.45714062452316284e-01
3 0.500000 3.45714002847671509e-01
4 0.500000 3.45714002847671509e-01
5 0.500000 3.45714002847671509e-01
6 0.500000 3.45714032649993896e-01
7 0.500000 3.45714002847671509e-01
8 0.500000 3.45714002847671509e-01
9 0.500000 3.45714032649993896e-01
10 0.500000 3.45714032649993896e-01
11 0.500000 3.45714002847671509e-01
12 0.500000 3.45714002847671509e-01
13 0.500000 3.45714002847671509e-01
14 0.500000 3.45714002847671509e-01
15 0.500000 3.45714002847671509e-01
16 0.500000 3.45714002847671509e-01
17 0.500000 3.45714002847671509e-01
18 0.500000 3.45714032649993896e-01
19 0.500000 3.45714002847671509e-01
20 0.500000 3.45714002847671509e-01
1 0.600000 4.35415208339691162e-01
2 0.600000 4.35415238142013550e-01
3 0.600000 4.35415238142013550e-01
4 0.600000 4.35415238142013550e-01
5 0.600000 4.35415238142013550e-01
6 0.600000 4.35415238142013550e-01
7 0.600000 4.35415238142013550e-01
8 0.600000 4.35415238142013550e-01
9 0.600000 4.35415238142013550e-01
10 0.600000 4.35415238142013550e-01
11 0.600000 4.35415238142013550e-01
12 0.600000 4.35415238142013550e-01
13 0.600000 4.35415238142013550e-01
14 0.600000 4.35415238142013550e-01
15 0.600000 4.35415238142013550e-01
16 0.600000 4.35415178537368774e-01
17 0.600000 4.35415238142013550e-01
18 0.600000 4.35415208339691162e-01
19 0.600000 4.35415238142013550e-01
20 0.600000 4.35415238142013550e-01
1 0.700000 5.30570149421691895e-01
2 0.700000 5.30570149421691895e-01
3 0.700000 5.30570149421691895e-01
4 0.700000 5.30570149421691895e-01
5 0.700000 5.30570149421691895e-01
6 0.700000 5.30570149421691895e-01
7 0.700000 5.30570149421691895e-01
8 0.700000 5.30570149421691895e-01
9 0.700000 5.30570149421691895e-01
10 0.700000 5.30570149421691895e-01
11 0.700000 5.30570089817047119e-01
12 0.700000 5.30570149421691895e-01
13 0.700000 5.30570149421691895e-01
14 0.700000 5.30570089817047119e-01
15 0.700000 5.30570089817047119e-01
16 0.700000 5.30570089817047119e-01
17 0.700000 5.30570089817047119e-01
18 0.700000 5.30570089817047119e-01
19 0.700000 5.30570089817047119e-01
20 0.700000 5.30570149421691895e-01
1 0.800000 6.30431711673736572e-01
2 0.800000 6.30431771278381348e-01
3 0.800000 6.30431652069091797e-01
4 0.800000 6.30431711673736572e-01
5 0.800000 6.30431652069091797e-01
6 0.800000 6.30431652069091797e-01
7 0.800000 6.30431711673736572e-01
8 0.800000 6.30431652069091797e-01
9 0.800000 6.30431711673736572e-01
10 0.800000 6.30431771278381348e-01
11 0.800000 6.30431771278381348e-01
12 0.800000 6.30431711673736572e-01
13 0.800000 6.30431711673736572e-01
14 0.800000 6.30431652069091797e-01
15 0.800000 6.30431711673736572e-01
16 0.800000 6.30431711673736572e-01
17 0.800000 6.30431711673736572e-01
18 0.800000 6.30431652069091797e-01
19 0.800000 6.30431711673736572e-01
20 0.800000 6.30431652069091797e-01
1 0.900000 7.34228491783142090e-01
2 0.900000 7.34228491783142090e-01
3 0.900000 7.34228432178497314e-01
4 0.900000 7.34228491783142090e-01
5 0.900000 7.34228491783142090e-01
6 0.900000 7.34228432178497314e-01
7 0.900000 7.34228491783142090e-01
8 0.900000 7.34228491783142090e-01
9 0.900000 7.34228491783142090e-01
10 0.900000 7.34228432178497314e-01
11 0.900000 7.34228432178497314e-01
12 0.900000 7.34228491783142090e-01
13 0.900000 7.34228491783142090e-01
14 0.900000 7.34228491783142090e-01
15 0.900000 7.34228372573852539e-01
16 0.900000 7.34228491783142090e-01
17 0.900000 7.34228432178497314e-01
18 0.900000 7.34228491783142090e-01
19 0.900000 7.34228491783142090e-01
20 0.900000 7.34228491783142090e-01
1 1.000000 8.41192007064819336e-01
2 1.000000 8.41192007064819336e-01
3 1.000000 8.41191947460174561e-01
4 1.000000 8.41191947460174561e-01
5 1.000000 8.41192007064819336e-01
6 1.000000 8.41192007064819336e-01
7 1.000000 8.41192066669464111e-01
8 1.000000 8.41191947460174561e-01
9 1.000000 8.41192007064819336e-01
10 1.000000 8.41191947460174561e-01
11 1.000000 8.41191887855529785e-01
12 1.000000 8.41192007064819336e-01
13 1.000000 8.41192007064819336e-01
14 1.000000 8.41192007064819336e-01
15 1.000000 8.41192007064819336e-01
16 1.000000 8.41192007064819336e-01
17 1.000000 8.41192066669464111e-01
18 1.000000 8.41192007064819336e-01
19 1.000000 8.41191887855529785e-01
20 1.000000 8.41192007064819336e-01
1 1.100000 9.50581014156341553e-01
2 1.100000 9.50581073760986328e-01
3 1.100000 9.50581014156341553e-01
4 1.100000 9.50581014156341553e-01
5 1.100000 9.50581073760986328e-01
6 1.100000 9.50581073760986328e-01
7 1.100000 9.50581014156341553e-01
8 1.100000 9.50581073760986328e-01
9 1.100000 9.50581073760986328e-01
10 1.100000 9.50581014156341553e-01
11 1.100000 9.50581133365631104e-01
12 1.100000 9.50581073760986328e-01
13 1.100000 9.50581073760986328e-01
14 1.100000 9.50581014156341553e-01
15 1.100000 9.50581014156341553e-01
16 1.100000 9.50581073760986328e-01
17 1.100000 9.50581014156341553e-01
18 1.100000 9.50581073760986328e-01
19 1.100000 9.50581014156341553e-01
20 1.100000 9.50581073760986328e-01
1 1.200000 1.06170272827148438e+00
2 1.200000 1.06170296669006348e+00
3 1.200000 1.06170296669006348e+00
4 1.200000 1.06170284748077393e+00
5 1.200000 1.06170272827148438e+00
6 1.200000 1.06170284748077393e+00
7 1.200000 1.06170284748077393e+00
8 1.200000 1.06170296669006348e+00
9 1.200000 1.06170284748077393e+00
10 1.200000 1.06170296669006348e+00
11 1.200000 1.06170284748077393e+00
12 1.200000 1.06170284748077393e+00
13 1.200000 1.06170272827148438e+00
14 1.200000 1.06170272827148438e+00
15 1.200000 1.06170272827148438e+00
16 1.200000 1.06170296669006348e+00
17 1.200000 1.06170284748077393e+00
18 1.200000 1.06170284748077393e+00
19 1.200000 1.06170284748077393e+00
20 1.200000 1.06170296669006348e+00
1 1.300000 1.17392909526824951e+00
2 1.300000 1.17392897605895996e+00
3 1.300000 1.17392885684967041e+00
4 1.300000 1.17392897605895996e+00
5 1.300000 1.17392897605895996e+00
6 1.300000 1.17392885684967041e+00
7 1.300000 1.17392897605895996e+00
8 1.300000 1.17392897605895996e+00
9 1.300000 1.17392897605895996e+00
10 1.300000 1.17392897605895996e+00
11 1.300000 1.17392897605895996e+00
12 1.300000 1.17392897605895996e+00
13 1.300000 1.17392897605895996e+00
14 1.300000 1.17392885684967041e+00
15 1.300000 1.17392897605895996e+00
16 1.300000 1.17392897605895996e+00
17 1.300000 1.17392909526824951e+00
18 1.300000 1.17392885684967041e+00
19 1.300000 1.17392897605895996e+00
20 1.300000 1.17392885684967041e+00
1 1.400000 1.28670787811279297e+00
2 1.400000 1.28670799732208252e+00
3 1.400000 1.28670787811279297e+00
4 1.400000 1.28670811653137207e+00
5 1.400000 1.28670799732208252e+00
6 1.400000 1.28670799732208252e+00
7 1.400000 1.28670811653137207e+00
8 1.400000 1.28670811653137207e+00
9 1.400000 1.28670811653137207e+00
10 1.400000 1.28670799732208252e+00
11 1.400000 1.28670799732208252e+00
12 1.400000 1.28670811653137207e+00
13 1.400000 1.28670799732208252e+00
14 1.400000 1.28670811653137207e+00
15 1.400000 1.28670811653137207e+00
16 1.400000 1.28670787811279297e+00
17 1.400000 1.28670799732208252e+00
18 1.400000 1.28670799732208252e+00
19 1.400000 1.28670787811279297e+00
20 1.400000 1.28670799732208252e+00
1 1.500000 1.39957153797149658e+00
2 1.500000 1.39957165718078613e+00
3 1.500000 1.39957153797149658e+00
4 1.500000 1.39957165718078613e+00
5 1.500000 1.39957165718078613e+00
6 1.500000 1.39957153797149658e+00
7 1.500000 1.39957165718078613e+00
8 1.500000 1.39957153797149658e+00
9 1.500000 1.39957165718078613e+00
10 1.500000 1.39957141876220703e+00
11 1.500000 1.39957153797149658e+00
12 1.500000 1.39957141876220703e+00
13 1.500000 1.39957153797149658e+00
14 1.500000 1.39957153797149658e+00
15 1.500000 1.39957165718078613e+00
16 1.500000 1.39957153797149658e+00
17 1.500000 1.39957165718078613e+00
18 1.500000 1.39957153797149658e+00
19 1.500000 1.39957165718078613e+00
20 1.500000 1.39957165718078613e+00
1 1.600000 1.51213693618774414e+00
2 1.600000 1.51213693618774414e+00
3 1.600000 1.51213717460632324e+00
4 1.600000 1.51213717460632324e+00
5 1.600000 1.51213693618774414e+00
6 1.600000 1.51213693618774414e+00
7 1.600000 1.51213693618774414e+00
8 1.600000 1.51213705539703369e+00
9 1.600000 1.51213693618774414e+00
10 1.600000 1.51213693618774414e+00
11 1.600000 1.51213693618774414e+00
12 1.600000 1.51213693618774414e+00
13 1.600000 1.51213693618774414e+00
14 1.600000 1.51213693618774414e+00
15 1.600000 1.51213717460632324e+00
16 1.600000 1.51213693618774414e+00
17 1.600000 1.51213693618774414e+00
18 1.600000 1.51213693618774414e+00
19 1.600000 1.51213693618774414e+00
20 1.600000 1.51213693618774414e+00
1 1.700000 1.62410604953765869e+00
2 1.700000 1.62410593032836914e+00
3 1.700000 1.62410604953765869e+00
4 1.700000 1.62410593032836914e+00
5 1.700000 1.62410604953765869e+00
6 1.700000 1.62410604953765869e+00
7 1.700000 1.62410616874694824e+00
8 1.700000 1.62410581111907959e+00
9 1.700000 1.62410604953765869e+00
10 1.700000 1.62410581111907959e+00
11 1.700000 1.62410593032836914e+00
12 1.700000 1.62410593032836914e+00
13 1.700000 1.62410581111907959e+00
14 1.700000 1.62410581111907959e+00
15 1.700000 1.62410593032836914e+00
16 1.700000 1.62410581111907959e+00
17 1.700000 1.62410593032836914e+00
18 1.700000 1.62410593032836914e+00
19 1.700000 1.62410593032836914e+00
20 1.700000 1.62410604953765869e+00
1 1.800000 1.73525929450988770e+00
2 1.800000 1.73525953292846680e+00
3 1.800000 1.73525977134704590e+00
4 1.800000 1.73525953292846680e+00
5 1.800000 1.73525953292846680e+00
6 1.800000 1.73525953292846680e+00
7 1.800000 1.73525953292846680e+00
8 1.800000 1.73525953292846680e+00
9 1.800000 1.73525941371917725e+00
10 1.800000 1.73525953292846680e+00
11 1.800000 1.73525941371917725e+00
12 1.800000 1.73525941371917725e+00
13 1.800000 1.73525953292846680e+00
14 1.800000 1.73525953292846680e+00
15 1.800000 1.73525941371917725e+00
16 1.800000 1.73525953292846680e+00
17 1.800000 1.73525953292846680e+00
18 1.800000 1.73525953292846680e+00
19 1.800000 1.73525941371917725e+00
20 1.800000 1.73525953292846680e+00
1 1.900000 1.84545111656188965e+00
2 1.900000 1.84545123577117920e+00
3 1.900000 1.84545111656188965e+00
4 1.900000 1.84545123577117920e+00
5 1.900000 1.84545111656188965e+00
6 1.900000 1.84545111656188965e+00
7 1.900000 1.84545111656188965e+00
8 1.900000 1.84545111656188965e+00
9 1.900000 1.84545111656188965e+00
10 1.900000 1.84545111656188965e+00
11 1.900000 1.84545111656188965e+00
12 1.900000 1.84545111656188965e+00
13 1.900000 1.84545135498046875e+00
14 1.900000 1.84545135498046875e+00
15 1.900000 1.84545111656188965e+00
16 1.900000 1.84545135498046875e+00
17 1.900000 1.84545111656188965e+00
18 1.900000 1.84545135498046875e+00
19 1.900000 1.84545111656188965e+00
20 1.900000 1.84545123577117920e+00
1 2.000000 1.95459783077239990e+00
2 2.000000 1.95459759235382080e+00
3 2.000000 1.95459759235382080e+00
4 2.000000 1.95459759235382080e+00
5 2.000000 1.95459759235382080e+00
6 2.000000 1.95459783077239990e+00
7 2.000000 1.95459759235382080e+00
8 2.000000 1.95459783077239990e+00
9 2.000000 1.95459771156311035e+00
10 2.000000 1.95459759235382080e+00
11 2.000000 1.95459759235382080e+00
12 2.000000 1.95459783077239990e+00
13 2.000000 1.95459759235382080e+00
14 2.000000 1.95459759235382080e+00
15 2.000000 1.95459759235382080e+00
16 2.000000 1.95459783077239990e+00
17 2.000000 1.95459759235382080e+00
18 2.000000 1.95459759235382080e+00
19 2.000000 1.95459783077239990e+00
20 2.000000 1.95459747314453125e+00
1 2.100000 2.06266880035400391e+00
2 2.100000 2.06266903877258301e+00
3 2.100000 2.06266880035400391e+00
4 2.100000 2.06266903877258301e+00
5 2.100000 2.06266903877258301e+00
6 2.100000 2.06266880035400391e+00
7 2.100000 2.06266903877258301e+00
8 2.100000 2.06266880035400391e+00
9 2.100000 2.06266903877258301e+00
10 2.100000 2.06266880035400391e+00
11 2.100000 2.06266880035400391e+00
12 2.100000 2.06266880035400391e+00
13 2.100000 2.06266903877258301e+00
14 2.100000 2.06266880035400391e+00
15 2.100000 2.06266903877258301e+00
16 2.100000 2.06266903877258301e+00
17 2.100000 2.06266880035400391e+00
18 2.100000 2.06266903877258301e+00
19 2.100000 2.06266903877258301e+00
20 2.100000 2.06266903877258301e+00
1 2.200000 2.16967868804931641e+00
2 2.200000 2.16967844963073730e+00
3 2.200000 2.16967868804931641e+00
4 2.200000 2.16967844963073730e+00
5 2.200000 2.16967844963073730e+00
6 2.200000 2.16967844963073730e+00
7 2.200000 2.16967892646789551e+00
8 2.200000 2.16967868804931641e+00
9 2.200000 2.16967844963073730e+00
10 2.200000 2.16967844963073730e+00
11 2.200000 2.16967844963073730e+00
12 2.200000 2.16967844963073730e+00
13 2.200000 2.16967844963073730e+00
14 2.200000 2.16967844963073730e+00
15 2.200000 2.16967844963073730e+00
16 2.200000 2.16967844963073730e+00
17 2.200000 2.16967868804931641e+00
18 2.200000 2.16967844963073730e+00
19 2.200000 2.16967844963073730e+00
20 2.200000 2.16967844963073730e+00
1 2.300000 2.27567291259765625e+00
2 2.300000 2.27567291259765625e+00
3 2.300000 2.27567291259765625e+00
4 2.300000 2.27567291259765625e+00
5 2.300000 2.27567315101623535e+00
6 2.300000 2.27567315101623535e+00
7 2.300000 2.27567315101623535e+00
8 2.300000 2.27567267417907715e+00
9 2.300000 2.27567267417907715e+00
10 2.300000 2.27567291259765625e+00
11 2.300000 2.27567315101623535e+00
12 2.300000 2.27567291259765625e+00
13 2.300000 2.27567291259765625e+00
14 2.300000 2.27567291259765625e+00
15 2.300000 2.27567291259765625e+00
16 2.300000 2.27567267417907715e+00
17 2.300000 2.27567291259765625e+00
18 2.300000 2.27567267417907715e+00
19 2.300000 2.27567291259765625e+00
20 2.300000 2.27567291259765625e+00
1 2.400000 2.38072323799133301e+00
2 2.400000 2.38072323799133301e+00
3 2.400000 2.38072323799133301e+00
4 2.400000 2.38072323799133301e+00
5 2.400000 2.38072323799133301e+00
6 2.400000 2.38072323799133301e+00
7 2.400000 2.38072323799133301e+00
8 2.400000 2.38072323799133301e+00
9 2.400000 2.38072323799133301e+00
10 2.400000 2.38072323799133301e+00
11 2.400000 2.38072323799133301e+00
12 2.400000 2.38072323799133301e+00
13 2.400000 2.38072323799133301e+00
14 2.400000 2.38072323799133301e+00
15 2.400000 2.38072323799133301e+00
16 2.400000 2.38072323799133301e+00
17 2.400000 2.38072323799133301e+00
18 2.400000 2.38072323799133301e+00
19 2.400000 2.38072323799133301e+00
20 2.400000 2.38072323799133301e+00
1 2.500000 2.48491573333740234e+00
2 2.500000 2.48491597175598145e+00
3 2.500000 2.48491573333740234e+00
4 2.500000 2.48491573333740234e+00
5 2.500000 2.48491573333740234e+00
6 2.500000 2.48491549491882324e+00
7 2.500000 2.48491597175598145e+00
8 2.500000 2.48491573333740234e+00
9 2.500000 2.48491549491882324e+00
10 2.500000 2.48491573333740234e+00
11 2.500000 2.48491573333740234e+00
12 2.500000 2.48491597175598145e+00
13 2.500000 2.48491597175598145e+00
14 2.500000 2.48491597175598145e+00
15 2.500000 2.48491597175598145e+00
16 2.500000 2.48491549491882324e+00
17 2.500000 2.48491573333740234e+00
18 2.500000 2.48491597175598145e+00
19 2.500000 2.48491597175598145e+00
20 2.500000 2.48491597175598145e+00
1 2.600000 2.58834600448608398e+00
2 2.600000 2.58834576606750488e+00
3 2.600000 2.58834576606750488e+00
4 2.600000 2.58834624290466309e+00
5 2.600000 2.58834624290466309e+00
6 2.600000 2.58834600448608398e+00
7 2.600000 2.58834600448608398e+00
8 2.600000 2.58834624290466309e+00
9 2.600000 2.58834600448608398e+00
10 2.600000 2.58834624290466309e+00
11 2.600000 2.58834576606750488e+00
12 2.600000 2.58834576606750488e+00
13 2.600000 2.58834600448608398e+00
14 2.600000 2.58834600448608398e+00
15 2.600000 2.58834600448608398e+00
16 2.600000 2.58834600448608398e+00
17 2.600000 2.58834576606750488e+00
18 2.600000 2.58834600448608398e+00
19 2.600000 2.58834624290466309e+00
20 2.600000 2.58834600448608398e+00
1 2.700000 2.69111251831054688e+00
2 2.700000 2.69111227989196777e+00
3 2.700000 2.69111227989196777e+00
4 2.700000 2.69111251831054688e+00
5 2.700000 2.69111227989196777e+00
6 2.700000 2.69111251831054688e+00
7 2.700000 2.69111251831054688e+00
8 2.700000 2.69111251831054688e+00
9 2.700000 2.69111251831054688e+00
10 2.700000 2.69111251831054688e+00
11 2.700000 2.69111251831054688e+00
12 2.700000 2.69111251831054688e+00
13 2.700000 2.69111251831054688e+00
14 2.700000 2.69111227989196777e+00
15 2.700000 2.69111251831054688e+00
16 2.700000 2.69111251831054688e+00
17 2.700000 2.69111251831054688e+00
18 2.700000 2.69111251831054688e+00
19 2.700000 2.69111227989196777e+00
20 2.700000 2.69111251831054688e+00
1 2.800000 2.79331088066101074e+00
2 2.800000 2.79331135749816895e+00
3 2.800000 2.79331088066101074e+00
4 2.800000 2.79331135749816895e+00
5 2.800000 2.79331111907958984e+00
6 2.800000 2.79331088066101074e+00
7 2.800000 2.79331111907958984e+00
8 2.800000 2.79331088066101074e+00
9 2.800000 2.79331088066101074e+00
10 2.800000 2.79331111907958984e+00
11 2.800000 2.79331111907958984e+00
12 2.800000 2.79331135749816895e+00
13 2.800000 2.79331111907958984e+00
14 2.800000 2.79331111907958984e+00
15 2.800000 2.79331088066101074e+00
16 2.800000 2.79331111907958984e+00
17 2.800000 2.79331111907958984e+00
18 2.800000 2.79331135749816895e+00
19 2.800000 2.79331111907958984e+00
20 2.800000 2.79331111907958984e+00
1 2.900000 2.89503335952758789e+00
2 2.900000 2.89503359794616699e+00
3 2.900000 2.89503359794616699e+00
4 2.900000 2.89503359794616699e+00
5 2.900000 2.89503312110900879e+00
6 2.900000 2.89503359794616699e+00
7 2.900000 2.89503359794616699e+00
8 2.900000 2.89503359794616699e+00
9 2.900000 2.89503312110900879e+00
10 2.900000 2.89503359794616699e+00
11 2.900000 2.89503359794616699e+00
12 2.900000 2.89503359794616699e+00
13 2.900000 2.89503335952758789e+00
14 2.900000 2.89503359794616699e+00
15 2.900000 2.89503312110900879e+00
16 2.900000 2.89503312110900879e+00
17 2.900000 2.89503359794616699e+00
18 2.900000 2.89503359794616699e+00
19 2.900000 2.89503335952758789e+00
20 2.900000 2.89503335952758789e+00
1 3.000000 2.99636268615722656e+00
2 3.000000 2.99636220932006836e+00
3 3.000000 2.99636268615722656e+00
4 3.000000 2.99636268615722656e+00
5 3.000000 2.99636268615722656e+00
6 3.000000 2.99636268615722656e+00
7 3.000000 2.99636268615722656e+00
8 3.000000 2.99636268615722656e+00
9 3.000000 2.99636268615722656e+00
10 3.000000 2.99636268615722656e+00
11 3.000000 2.99636220932006836e+00
12 3.000000 2.99636244773864746e+00
13 3.000000 2.99636220932006836e+00
14 3.000000 2.99636268615722656e+00
15 3.000000 2.99636220932006836e+00
16 3.000000 2.99636268615722656e+00
17 3.000000 2.99636268615722656e+00
18 3.000000 2.99636268615722656e+00
19 3.000000 2.99636268615722656e+00
20 3.000000 2.99636268615722656e+00
1 3.100000 3.09737324714660645e+00
2 3.100000 3.09737324714660645e+00
3 3.100000 3.09737300872802734e+00
4 3.100000 3.09737348556518555e+00
5 3.100000 3.09737348556518555e+00
6 3.100000 3.09737324714660645e+00
7 3.100000 3.09737324714660645e+00
8 3.100000 3.09737324714660645e+00
9 3.100000 3.09737348556518555e+00
10 3.100000 3.09737324714660645e+00
11 3.100000 3.09737300872802734e+00
12 3.100000 3.09737300872802734e+00
13 3.100000 3.09737348556518555e+00
14 3.100000 3.09737372398376465e+00
15 3.100000 3.09737324714660645e+00
16 3.100000 3.09737324714660645e+00
17 3.100000 3.09737348556518555e+00
18 3.100000 3.09737324714660645e+00
19 3.100000 3.09737348556518555e+00
20 3.100000 3.09737372398376465e+00
1 3.200000 3.19813036918640137e+00
2 3.200000 3.19813036918640137e+00
3 3.200000 3.19813036918640137e+00
4 3.200000 3.19813036918640137e+00
5 3.200000 3.19813060760498047e+00
6 3.200000 3.19813060760498047e+00
7 3.200000 3.19813036918640137e+00
8 3.200000 3.19813036918640137e+00
9 3.200000 3.19813060760498047e+00
10 3.200000 3.19813060760498047e+00
11 3.200000 3.19813036918640137e+00
12 3.200000 3.19813036918640137e+00
13 3.200000 3.19813036918640137e+00
14 3.200000 3.19813036918640137e+00
15 3.200000 3.19813036918640137e+00
16 3.200000 3.19813084602355957e+00
17 3.200000 3.19813036918640137e+00
18 3.200000 3.19813036918640137e+00
19 3.200000 3.19813036918640137e+00
20 3.200000 3.19813036918640137e+00
1 3.300000 3.29868841171264648e+00
2 3.300000 3.29868888854980469e+00
3 3.300000 3.29868841171264648e+00
4 3.300000 3.29868865013122559e+00
5 3.300000 3.29868888854980469e+00
6 3.300000 3.29868888854980469e+00
7 3.300000 3.29868841171264648e+00
8 3.300000 3.29868888854980469e+00
9 3.300000 3.29868888854980469e+00
10 3.300000 3.29868888854980469e+00
11 3.300000 3.29868888854980469e+00
12 3.300000 3.29868888854980469e+00
13 3.300000 3.29868865013122559e+00
14 3.300000 3.29868888854980469e+00
15 3.300000 3.29868865013122559e+00
16 3.300000 3.29868865013122559e+00
17 3.300000 3.29868841171264648e+00
18 3.300000 3.29868888854980469e+00
19 3.300000 3.29868888854980469e+00
20 3.300000 3.29868888854980469e+00
1 3.400000 3.39909458160400391e+00
2 3.400000 3.39909410476684570e+00
3 3.400000 3.39909434318542480e+00
4 3.400000 3.39909410476684570e+00
5 3.400000 3.39909458160400391e+00
6 3.400000 3.39909458160400391e+00
7 3.400000 3.39909434318542480e+00
8 3.400000 3.39909458160400391e+00
9 3.400000 3.39909434318542480e+00
10 3.400000 3.39909434318542480e+00
11 3.400000 3.39909410476684570e+00
12 3.400000 3.39909458160400391e+00
13 3.400000 3.39909458160400391e+00
14 3.400000 3.39909386634826660e+00
15 3.400000 3.39909410476684570e+00
16 3.400000 3.39909434318542480e+00
17 3.400000 3.39909410476684570e+00
18 3.400000 3.39909386634826660e+00
19 3.400000 3.39909458160400391e+00
20 3.400000 3.39909410476684570e+00
1 3.500000 3.49938368797302246e+00
2 3.500000 3.49938392639160156e+00
3 3.500000 3.49938392639160156e+00
4 3.500000 3.49938392639160156e+00
5 3.500000 3.49938368797302246e+00
6 3.500000 3.49938392639160156e+00
7 3.500000 3.49938392639160156e+00
8 3.500000 3.49938368797302246e+00
9 3.500000 3.49938368797302246e+00
10 3.500000 3.49938368797302246e+00
11 3.500000 3.49938392639160156e+00
12 3.500000 3.49938321113586426e+00
13 3.500000 3.49938321113586426e+00
14 3.500000 3.49938368797302246e+00
15 3.500000 3.49938368797302246e+00
16 3.500000 3.49938392639160156e+00
17 3.500000 3.49938392639160156e+00
18 3.500000 3.49938368797302246e+00
19 3.500000 3.49938392639160156e+00
20 3.500000 3.49938392639160156e+00
1 3.600000 3.59958720207214355e+00
2 3.600000 3.59958744049072266e+00
3 3.600000 3.59958696365356445e+00
4 3.600000 3.59958696365356445e+00
5 3.600000 3.59958767890930176e+00
6 3.600000 3.59958767890930176e+00
7 3.600000 3.59958767890930176e+00
8 3.600000 3.59958720207214355e+00
9 3.600000 3.59958720207214355e+00
10 3.600000 3.59958720207214355e+00
11 3.600000 3.59958767890930176e+00
12 3.600000 3.59958767890930176e+00
13 3.600000 3.59958767890930176e+00
14 3.600000 3.59958744049072266e+00
15 3.600000 3.59958767890930176e+00
16 3.600000 3.59958696365356445e+00
17 3.600000 3.59958767890930176e+00
18 3.600000 3.59958767890930176e+00
19 3.600000 3.59958720207214355e+00
20 3.600000 3.59958744049072266e+00
1 3.700000 3.69972801208496094e+00
2 3.700000 3.69972801208496094e+00
3 3.700000 3.69972848892211914e+00
4 3.700000 3.69972825050354004e+00
5 3.700000 3.69972848892211914e+00
6 3.700000 3.69972777366638184e+00
7 3.700000 3.69972848892211914e+00
8 3.700000 3.69972825050354004e+00
9 3.700000 3.69972848892211914e+00
10 3.700000 3.69972848892211914e+00
11 3.700000 3.69972848892211914e+00
12 3.700000 3.69972825050354004e+00
13 3.700000 3.69972777366638184e+00
14 3.700000 3.69972777366638184e+00
15 3.700000 3.69972777366638184e+00
16 3.700000 3.69972777366638184e+00
17 3.700000 3.69972848892211914e+00
18 3.700000 3.69972801208496094e+00
19 3.700000 3.69972777366638184e+00
20 3.700000 3.69972825050354004e+00
1 3.800000 3.79982423782348633e+00
2 3.800000 3.79982376098632812e+00
3 3.800000 3.79982376098632812e+00
4 3.800000 3.79982376098632812e+00
5 3.800000 3.79982376098632812e+00
6 3.800000 3.79982376098632812e+00
7 3.800000 3.79982423782348633e+00
8 3.800000 3.79982376098632812e+00
9 3.800000 3.79982376098632812e+00
10 3.800000 3.79982376098632812e+00
11 3.800000 3.79982376098632812e+00
12 3.800000 3.79982376098632812e+00
13 3.800000 3.79982376098632812e+00
14 3.800000 3.79982352256774902e+00
15 3.800000 3.79982423782348633e+00
16 3.800000 3.79982376098632812e+00
17 3.800000 3.79982423782348633e+00
18 3.800000 3.79982376098632812e+00
19 3.800000 3.79982376098632812e+00
20 3.800000 3.79982423782348633e+00
1 3.900000 3.89988756179809570e+00
2 3.900000 3.89988803863525391e+00
3 3.900000 3.89988803863525391e+00
4 3.900000 3.89988803863525391e+00
5 3.900000 3.89988756179809570e+00
6 3.900000 3.89988803863525391e+00
7 3.900000 3.89988803863525391e+00
8 3.900000 3.89988756179809570e+00
9 3.900000 3.89988803863525391e+00
10 3.900000 3.89988756179809570e+00
11 3.900000 3.89988756179809570e+00
12 3.900000 3.89988803863525391e+00
13 3.900000 3.89988803863525391e+00
14 3.900000 3.89988756179809570e+00
15 3.900000 3.89988756179809570e+00
16 3.900000 3.89988756179809570e+00
17 3.900000 3.89988827705383301e+00
18 3.900000 3.89988803863525391e+00
19 3.900000 3.89988827705383301e+00
20 3.900000 3.89988803863525391e+00
1 4.000000 3.99992990493774414e+00
2 4.000000 3.99992990493774414e+00
3 4.000000 3.99992942810058594e+00
4 4.000000 3.99992942810058594e+00
5 4.000000 3.99992990493774414e+00
6 4.000000 3.99992990493774414e+00
7 4.000000 3.99992942810058594e+00
8 4.000000 3.99992990493774414e+00
9 4.000000 3.99992990493774414e+00
10 4.000000 3.99992990493774414e+00
11 4.000000 3.99992990493774414e+00
12 4.000000 3.99992942810058594e+00
13 4.000000 3.99992990493774414e+00
14 4.000000 3.99992942810058594e+00
15 4.000000 3.99992990493774414e+00
16 4.000000 3.99992990493774414e+00
17 4.000000 3.99992942810058594e+00
18 4.000000 3.99992990493774414e+00
19 4.000000 3.99992990493774414e+00
20 4.000000 3.99992990493774414e+00
