# Verificarlo Analysis for parallel_5
# Source: parallel_5.c
# Type: DOUBLE, Precision: 53, Mode: mca
# Range: [10000:0.01:10001], Iterations: 20
i x result
1 10000.00 3.20000000000000000e+05
2 10000.00 3.19999999999999942e+05
3 10000.00 3.20000000000000058e+05
4 10000.00 3.20000000000000000e+05
5 10000.00 3.20000000000000058e+05
6 10000.00 3.20000000000000000e+05
7 10000.00 3.20000000000000000e+05
8 10000.00 3.20000000000000000e+05
9 10000.00 3.20000000000000000e+05
10 10000.00 3.19999999999999942e+05
11 10000.00 3.20000000000000058e+05
12 10000.00 3.20000000000000000e+05
13 10000.00 3.19999999999999942e+05
14 10000.00 3.20000000000000000e+05
15 10000.00 3.20000000000000000e+05
16 10000.00 3.20000000000000000e+05
17 10000.00 3.20000000000000000e+05
18 10000.00 3.20000000000000000e+05
19 10000.00 3.20000000000000058e+05
20 10000.00 3.20000000000000000e+05
1 10000.01 3.20000320000000007e+05
2 10000.01 3.20000320000000065e+05
3 10000.01 3.20000320000000007e+05
4 10000.01 3.20000320000000065e+05
5 10000.01 3.20000320000000007e+05
6 10000.01 3.20000320000000065e+05
7 10000.01 3.20000319999999949e+05
8 10000.01 3.20000320000000007e+05
9 10000.01 3.20000320000000007e+05
10 10000.01 3.20000319999999949e+05
11 10000.01 3.20000320000000065e+05
12 10000.01 3.20000320000000007e+05
13 10000.01 3.20000320000000007e+05
14 10000.01 3.20000320000000007e+05
15 10000.01 3.20000320000000007e+05
16 10000.01 3.20000320000000007e+05
17 10000.01 3.20000320000000007e+05
18 10000.01 3.20000320000000007e+05
19 10000.01 3.20000320000000065e+05
20 10000.01 3.20000320000000065e+05
1 10000.02 3.20000639999999956e+05
2 10000.02 3.20000639999999956e+05
3 10000.02 3.20000640000000130e+05
4 10000.02 3.20000640000000014e+05
5 10000.02 3.20000640000000014e+05
6 10000.02 3.20000640000000014e+05
7 10000.02 3.20000639999999956e+05
8 10000.02 3.20000640000000014e+05
9 10000.02 3.20000640000000014e+05
10 10000.02 3.20000640000000072e+05
11 10000.02 3.20000640000000072e+05
12 10000.02 3.20000639999999956e+05
13 10000.02 3.20000640000000014e+05
14 10000.02 3.20000640000000014e+05
15 10000.02 3.20000640000000072e+05
16 10000.02 3.20000640000000014e+05
17 10000.02 3.20000640000000014e+05
18 10000.02 3.20000640000000072e+05
19 10000.02 3.20000640000000072e+05
20 10000.02 3.20000640000000014e+05
1 10000.03 3.20000959999999963e+05
2 10000.03 3.20000960000000021e+05
3 10000.03 3.20000960000000021e+05
4 10000.03 3.20000960000000079e+05
5 10000.03 3.20000960000000021e+05
6 10000.03 3.20000960000000021e+05
7 10000.03 3.20000960000000021e+05
8 10000.03 3.20000959999999963e+05
9 10000.03 3.20000960000000021e+05
10 10000.03 3.20000960000000021e+05
11 10000.03 3.20000960000000021e+05
12 10000.03 3.20000960000000021e+05
13 10000.03 3.20000960000000021e+05
14 10000.03 3.20000959999999963e+05
15 10000.03 3.20000960000000079e+05
16 10000.03 3.20000960000000079e+05
17 10000.03 3.20000960000000021e+05
18 10000.03 3.20000960000000079e+05
19 10000.03 3.20000960000000021e+05
20 10000.03 3.20000960000000021e+05
1 10000.04 3.20001280000000028e+05
2 10000.04 3.20001280000000028e+05
3 10000.04 3.20001280000000086e+05
4 10000.04 3.20001280000000028e+05
5 10000.04 3.20001280000000028e+05
6 10000.04 3.20001280000000086e+05
7 10000.04 3.20001280000000028e+05
8 10000.04 3.20001279999999970e+05
9 10000.04 3.20001280000000028e+05
10 10000.04 3.20001280000000028e+05
11 10000.04 3.20001279999999970e+05
12 10000.04 3.20001280000000028e+05
13 10000.04 3.20001280000000028e+05
14 10000.04 3.20001280000000028e+05
15 10000.04 3.20001280000000086e+05
16 10000.04 3.20001280000000028e+05
17 10000.04 3.20001280000000028e+05
18 10000.04 3.20001280000000028e+05
19 10000.04 3.20001280000000028e+05
20 10000.04 3.20001280000000086e+05
1 10000.05 3.20001599999999977e+05
2 10000.05 3.20001599999999919e+05
3 10000.05 3.20001600000000035e+05
4 10000.05 3.20001600000000035e+05
5 10000.05 3.20001599999999977e+05
6 10000.05 3.20001599999999977e+05
7 10000.05 3.20001599999999977e+05
8 10000.05 3.20001599999999977e+05
9 10000.05 3.20001599999999977e+05
10 10000.05 3.20001600000000035e+05
11 10000.05 3.20001599999999977e+05
12 10000.05 3.20001599999999977e+05
13 10000.05 3.20001599999999977e+05
14 10000.05 3.20001599999999977e+05
15 10000.05 3.20001599999999977e+05
16 10000.05 3.20001599999999977e+05
17 10000.05 3.20001600000000035e+05
18 10000.05 3.20001599999999977e+05
19 10000.05 3.20001599999999977e+05
20 10000.05 3.20001599999999919e+05
1 10000.06 3.20001919999999984e+05
2 10000.06 3.20001919999999984e+05
3 10000.06 3.20001919999999984e+05
4 10000.06 3.20001919999999984e+05
5 10000.06 3.20001919999999984e+05
6 10000.06 3.20001919999999925e+05
7 10000.06 3.20001920000000042e+05
8 10000.06 3.20001920000000042e+05
9 10000.06 3.20001919999999984e+05
10 10000.06 3.20001920000000042e+05
11 10000.06 3.20001920000000042e+05
12 10000.06 3.20001919999999984e+05
13 10000.06 3.20001919999999925e+05
14 10000.06 3.20001920000000042e+05
15 10000.06 3.20001919999999984e+05
16 10000.06 3.20001919999999925e+05
17 10000.06 3.20001919999999984e+05
18 10000.06 3.20001919999999984e+05
19 10000.06 3.20001919999999984e+05
20 10000.06 3.20001919999999984e+05
1 10000.07 3.20002240000000049e+05
2 10000.07 3.20002240000000049e+05
3 10000.07 3.20002239999999932e+05
4 10000.07 3.20002239999999932e+05
5 10000.07 3.20002240000000049e+05
6 10000.07 3.20002240000000049e+05
7 10000.07 3.20002239999999991e+05
8 10000.07 3.20002239999999991e+05
9 10000.07 3.20002240000000049e+05
10 10000.07 3.20002240000000049e+05
11 10000.07 3.20002239999999991e+05
12 10000.07 3.20002239999999991e+05
13 10000.07 3.20002239999999991e+05
14 10000.07 3.20002239999999991e+05
15 10000.07 3.20002239999999932e+05
16 10000.07 3.20002239999999991e+05
17 10000.07 3.20002239999999991e+05
18 10000.07 3.20002239999999991e+05
19 10000.07 3.20002239999999991e+05
20 10000.07 3.20002240000000049e+05
1 10000.08 3.20002560000000056e+05
2 10000.08 3.20002559999999998e+05
3 10000.08 3.20002559999999998e+05
4 10000.08 3.20002559999999998e+05
5 10000.08 3.20002559999999939e+05
6 10000.08 3.20002559999999998e+05
7 10000.08 3.20002559999999998e+05
8 10000.08 3.20002560000000056e+05
9 10000.08 3.20002559999999998e+05
10 10000.08 3.20002560000000056e+05
11 10000.08 3.20002559999999939e+05
12 10000.08 3.20002559999999939e+05
13 10000.08 3.20002559999999939e+05
14 10000.08 3.20002560000000056e+05
15 10000.08 3.20002559999999998e+05
16 10000.08 3.20002559999999998e+05
17 10000.08 3.20002559999999998e+05
18 10000.08 3.20002559999999998e+05
19 10000.08 3.20002559999999998e+05
20 10000.08 3.20002559999999998e+05
1 10000.09 3.20002880000000005e+05
2 10000.09 3.20002880000000063e+05
3 10000.09 3.20002880000000005e+05
4 10000.09 3.20002879999999946e+05
5 10000.09 3.20002879999999946e+05
6 10000.09 3.20002880000000063e+05
7 10000.09 3.20002880000000005e+05
8 10000.09 3.20002880000000005e+05
9 10000.09 3.20002880000000005e+05
10 10000.09 3.20002879999999946e+05
11 10000.09 3.20002880000000005e+05
12 10000.09 3.20002880000000005e+05
13 10000.09 3.20002880000000005e+05
14 10000.09 3.20002880000000005e+05
15 10000.09 3.20002880000000005e+05
16 10000.09 3.20002880000000005e+05
17 10000.09 3.20002880000000005e+05
18 10000.09 3.20002880000000005e+05
19 10000.09 3.20002880000000005e+05
20 10000.09 3.20002880000000005e+05
1 10000.10 3.20003200000000012e+05
2 10000.10 3.20003200000000012e+05
3 10000.10 3.20003200000000012e+05
4 10000.10 3.20003199999999953e+05
5 10000.10 3.20003200000000070e+05
6 10000.10 3.20003200000000012e+05
7 10000.10 3.20003200000000012e+05
8 10000.10 3.20003200000000012e+05
9 10000.10 3.20003200000000070e+05
10 10000.10 3.20003200000000012e+05
11 10000.10 3.20003200000000070e+05
12 10000.10 3.20003200000000012e+05
13 10000.10 3.20003200000000012e+05
14 10000.10 3.20003200000000070e+05
15 10000.10 3.20003200000000012e+05
16 10000.10 3.20003200000000012e+05
17 10000.10 3.20003200000000012e+05
18 10000.10 3.20003199999999953e+05
19 10000.10 3.20003200000000012e+05
20 10000.10 3.20003200000000012e+05
1 10000.11 3.20003520000000019e+05
2 10000.11 3.20003520000000019e+05
3 10000.11 3.20003520000000077e+05
4 10000.11 3.20003520000000019e+05
5 10000.11 3.20003520000000019e+05
6 10000.11 3.20003519999999960e+05
7 10000.11 3.20003520000000077e+05
8 10000.11 3.20003520000000019e+05
9 10000.11 3.20003519999999960e+05
10 10000.11 3.20003520000000019e+05
11 10000.11 3.20003520000000077e+05
12 10000.11 3.20003520000000019e+05
13 10000.11 3.20003520000000019e+05
14 10000.11 3.20003520000000019e+05
15 10000.11 3.20003520000000019e+05
16 10000.11 3.20003520000000019e+05
17 10000.11 3.20003519999999960e+05
18 10000.11 3.20003520000000019e+05
19 10000.11 3.20003520000000077e+05
20 10000.11 3.20003520000000077e+05
1 10000.12 3.20003840000000026e+05
2 10000.12 3.20003840000000026e+05
3 10000.12 3.20003840000000026e+05
4 10000.12 3.20003840000000026e+05
5 10000.12 3.20003840000000026e+05
6 10000.12 3.20003839999999967e+05
7 10000.12 3.20003840000000026e+05
8 10000.12 3.20003840000000026e+05
9 10000.12 3.20003840000000026e+05
10 10000.12 3.20003840000000026e+05
11 10000.12 3.20003840000000026e+05
12 10000.12 3.20003840000000084e+05
13 10000.12 3.20003840000000084e+05
14 10000.12 3.20003840000000026e+05
15 10000.12 3.20003840000000026e+05
16 10000.12 3.20003840000000026e+05
17 10000.12 3.20003840000000026e+05
18 10000.12 3.20003840000000026e+05
19 10000.12 3.20003840000000026e+05
20 10000.12 3.20003840000000026e+05
1 10000.13 3.20004159999999974e+05
2 10000.13 3.20004159999999916e+05
3 10000.13 3.20004159999999974e+05
4 10000.13 3.20004159999999974e+05
5 10000.13 3.20004159999999974e+05
6 10000.13 3.20004159999999974e+05
7 10000.13 3.20004159999999974e+05
8 10000.13 3.20004159999999916e+05
9 10000.13 3.20004159999999974e+05
10 10000.13 3.20004160000000033e+05
11 10000.13 3.20004159999999974e+05
12 10000.13 3.20004160000000033e+05
13 10000.13 3.20004159999999974e+05
14 10000.13 3.20004160000000033e+05
15 10000.13 3.20004159999999974e+05
16 10000.13 3.20004159999999974e+05
17 10000.13 3.20004160000000033e+05
18 10000.13 3.20004159999999974e+05
19 10000.13 3.20004159999999974e+05
20 10000.13 3.20004160000000033e+05
1 10000.14 3.20004479999999923e+05
2 10000.14 3.20004479999999981e+05
3 10000.14 3.20004479999999981e+05
4 10000.14 3.20004479999999981e+05
5 10000.14 3.20004479999999981e+05
6 10000.14 3.20004479999999981e+05
7 10000.14 3.20004479999999923e+05
8 10000.14 3.20004479999999923e+05
9 10000.14 3.20004479999999981e+05
10 10000.14 3.20004480000000040e+05
11 10000.14 3.20004479999999981e+05
12 10000.14 3.20004479999999981e+05
13 10000.14 3.20004479999999981e+05
14 10000.14 3.20004479999999981e+05
15 10000.14 3.20004479999999981e+05
16 10000.14 3.20004479999999981e+05
17 10000.14 3.20004480000000040e+05
18 10000.14 3.20004479999999923e+05
19 10000.14 3.20004479999999981e+05
20 10000.14 3.20004479999999981e+05
1 10000.15 3.20004799999999930e+05
2 10000.15 3.20004799999999988e+05
3 10000.15 3.20004799999999930e+05
4 10000.15 3.20004799999999930e+05
5 10000.15 3.20004799999999988e+05
6 10000.15 3.20004799999999930e+05
7 10000.15 3.20004799999999988e+05
8 10000.15 3.20004799999999930e+05
9 10000.15 3.20004799999999930e+05
10 10000.15 3.20004799999999988e+05
11 10000.15 3.20004799999999988e+05
12 10000.15 3.20004799999999988e+05
13 10000.15 3.20004799999999930e+05
14 10000.15 3.20004799999999872e+05
15 10000.15 3.20004800000000047e+05
16 10000.15 3.20004799999999988e+05
17 10000.15 3.20004800000000047e+05
18 10000.15 3.20004799999999988e+05
19 10000.15 3.20004800000000047e+05
20 10000.15 3.20004799999999988e+05
1 10000.16 3.20005119999999937e+05
2 10000.16 3.20005119999999995e+05
3 10000.16 3.20005119999999995e+05
4 10000.16 3.20005119999999937e+05
5 10000.16 3.20005119999999995e+05
6 10000.16 3.20005119999999995e+05
7 10000.16 3.20005119999999995e+05
8 10000.16 3.20005120000000054e+05
9 10000.16 3.20005119999999995e+05
10 10000.16 3.20005119999999995e+05
11 10000.16 3.20005119999999995e+05
12 10000.16 3.20005119999999995e+05
13 10000.16 3.20005119999999995e+05
14 10000.16 3.20005119999999937e+05
15 10000.16 3.20005119999999995e+05
16 10000.16 3.20005120000000054e+05
17 10000.16 3.20005119999999995e+05
18 10000.16 3.20005120000000054e+05
19 10000.16 3.20005119999999995e+05
20 10000.16 3.20005119999999937e+05
1 10000.17 3.20005440000000061e+05
2 10000.17 3.20005440000000002e+05
3 10000.17 3.20005440000000061e+05
4 10000.17 3.20005440000000002e+05
5 10000.17 3.20005440000000002e+05
6 10000.17 3.20005440000000002e+05
7 10000.17 3.20005440000000002e+05
8 10000.17 3.20005440000000002e+05
9 10000.17 3.20005440000000002e+05
10 10000.17 3.20005440000000002e+05
11 10000.17 3.20005440000000002e+05
12 10000.17 3.20005440000000061e+05
13 10000.17 3.20005440000000002e+05
14 10000.17 3.20005439999999944e+05
15 10000.17 3.20005440000000002e+05
16 10000.17 3.20005440000000002e+05
17 10000.17 3.20005440000000061e+05
18 10000.17 3.20005440000000002e+05
19 10000.17 3.20005440000000002e+05
20 10000.17 3.20005440000000061e+05
1 10000.18 3.20005760000000009e+05
2 10000.18 3.20005760000000009e+05
3 10000.18 3.20005759999999951e+05
4 10000.18 3.20005760000000009e+05
5 10000.18 3.20005760000000009e+05
6 10000.18 3.20005760000000009e+05
7 10000.18 3.20005760000000009e+05
8 10000.18 3.20005760000000009e+05
9 10000.18 3.20005760000000009e+05
10 10000.18 3.20005760000000009e+05
11 10000.18 3.20005760000000009e+05
12 10000.18 3.20005760000000009e+05
13 10000.18 3.20005760000000009e+05
14 10000.18 3.20005760000000009e+05
15 10000.18 3.20005759999999951e+05
16 10000.18 3.20005759999999951e+05
17 10000.18 3.20005760000000068e+05
18 10000.18 3.20005759999999951e+05
19 10000.18 3.20005759999999951e+05
20 10000.18 3.20005760000000009e+05
1 10000.19 3.20006080000000016e+05
2 10000.19 3.20006080000000016e+05
3 10000.19 3.20006080000000075e+05
4 10000.19 3.20006079999999900e+05
5 10000.19 3.20006080000000075e+05
6 10000.19 3.20006080000000016e+05
7 10000.19 3.20006080000000016e+05
8 10000.19 3.20006080000000016e+05
9 10000.19 3.20006079999999958e+05
10 10000.19 3.20006080000000075e+05
11 10000.19 3.20006080000000016e+05
12 10000.19 3.20006079999999958e+05
13 10000.19 3.20006080000000016e+05
14 10000.19 3.20006080000000016e+05
15 10000.19 3.20006080000000016e+05
16 10000.19 3.20006080000000075e+05
17 10000.19 3.20006080000000016e+05
18 10000.19 3.20006080000000016e+05
19 10000.19 3.20006080000000016e+05
20 10000.19 3.20006080000000016e+05
1 10000.20 3.20006400000000023e+05
2 10000.20 3.20006400000000023e+05
3 10000.20 3.20006400000000023e+05
4 10000.20 3.20006400000000081e+05
5 10000.20 3.20006400000000023e+05
6 10000.20 3.20006400000000023e+05
7 10000.20 3.20006400000000081e+05
8 10000.20 3.20006399999999965e+05
9 10000.20 3.20006399999999965e+05
10 10000.20 3.20006399999999965e+05
11 10000.20 3.20006400000000023e+05
12 10000.20 3.20006400000000023e+05
13 10000.20 3.20006400000000023e+05
14 10000.20 3.20006400000000023e+05
15 10000.20 3.20006400000000081e+05
16 10000.20 3.20006400000000081e+05
17 10000.20 3.20006399999999965e+05
18 10000.20 3.20006400000000023e+05
19 10000.20 3.20006400000000081e+05
20 10000.20 3.20006400000000081e+05
1 10000.21 3.20006719999999914e+05
2 10000.21 3.20006719999999972e+05
3 10000.21 3.20006719999999972e+05
4 10000.21 3.20006719999999972e+05
5 10000.21 3.20006720000000030e+05
6 10000.21 3.20006719999999972e+05
7 10000.21 3.20006720000000030e+05
8 10000.21 3.20006719999999972e+05
9 10000.21 3.20006719999999972e+05
10 10000.21 3.20006719999999972e+05
11 10000.21 3.20006720000000030e+05
12 10000.21 3.20006719999999972e+05
13 10000.21 3.20006719999999914e+05
14 10000.21 3.20006719999999972e+05
15 10000.21 3.20006719999999972e+05
16 10000.21 3.20006719999999972e+05
17 10000.21 3.20006719999999972e+05
18 10000.21 3.20006720000000030e+05
19 10000.21 3.20006719999999972e+05
20 10000.21 3.20006719999999972e+05
1 10000.22 3.20007039999999979e+05
2 10000.22 3.20007039999999979e+05
3 10000.22 3.20007039999999979e+05
4 10000.22 3.20007039999999979e+05
5 10000.22 3.20007040000000037e+05
6 10000.22 3.20007039999999979e+05
7 10000.22 3.20007039999999921e+05
8 10000.22 3.20007039999999921e+05
9 10000.22 3.20007039999999921e+05
10 10000.22 3.20007039999999979e+05
11 10000.22 3.20007039999999921e+05
12 10000.22 3.20007039999999979e+05
13 10000.22 3.20007040000000037e+05
14 10000.22 3.20007039999999979e+05
15 10000.22 3.20007039999999979e+05
16 10000.22 3.20007039999999979e+05
17 10000.22 3.20007039999999979e+05
18 10000.22 3.20007040000000037e+05
19 10000.22 3.20007039999999979e+05
20 10000.22 3.20007039999999979e+05
1 10000.23 3.20007359999999986e+05
2 10000.23 3.20007359999999986e+05
3 10000.23 3.20007360000000044e+05
4 10000.23 3.20007359999999986e+05
5 10000.23 3.20007359999999986e+05
6 10000.23 3.20007360000000044e+05
7 10000.23 3.20007359999999986e+05
8 10000.23 3.20007359999999986e+05
9 10000.23 3.20007359999999986e+05
10 10000.23 3.20007359999999986e+05
11 10000.23 3.20007359999999986e+05
12 10000.23 3.20007359999999986e+05
13 10000.23 3.20007359999999986e+05
14 10000.23 3.20007359999999928e+05
15 10000.23 3.20007359999999986e+05
16 10000.23 3.20007359999999928e+05
17 10000.23 3.20007359999999928e+05
18 10000.23 3.20007359999999986e+05
19 10000.23 3.20007359999999986e+05
20 10000.23 3.20007359999999928e+05
1 10000.24 3.20007680000000051e+05
2 10000.24 3.20007680000000051e+05
3 10000.24 3.20007680000000051e+05
4 10000.24 3.20007679999999993e+05
5 10000.24 3.20007679999999935e+05
6 10000.24 3.20007679999999993e+05
7 10000.24 3.20007679999999993e+05
8 10000.24 3.20007680000000051e+05
9 10000.24 3.20007679999999993e+05
10 10000.24 3.20007679999999993e+05
11 10000.24 3.20007679999999993e+05
12 10000.24 3.20007679999999993e+05
13 10000.24 3.20007680000000051e+05
14 10000.24 3.20007679999999993e+05
15 10000.24 3.20007680000000051e+05
16 10000.24 3.20007679999999935e+05
17 10000.24 3.20007679999999993e+05
18 10000.24 3.20007680000000051e+05
19 10000.24 3.20007679999999935e+05
20 10000.24 3.20007679999999993e+05
1 10000.25 3.20008000000000000e+05
2 10000.25 3.20008000000000000e+05
3 10000.25 3.20008000000000000e+05
4 10000.25 3.20008000000000000e+05
5 10000.25 3.20008000000000000e+05
6 10000.25 3.20008000000000000e+05
7 10000.25 3.20008000000000000e+05
8 10000.25 3.20008000000000058e+05
9 10000.25 3.20008000000000000e+05
10 10000.25 3.20008000000000000e+05
11 10000.25 3.20008000000000000e+05
12 10000.25 3.20008000000000058e+05
13 10000.25 3.20008000000000000e+05
14 10000.25 3.20008000000000000e+05
15 10000.25 3.20007999999999942e+05
16 10000.25 3.20007999999999942e+05
17 10000.25 3.20007999999999942e+05
18 10000.25 3.20008000000000058e+05
19 10000.25 3.20008000000000058e+05
20 10000.25 3.20008000000000000e+05
1 10000.26 3.20008320000000007e+05
2 10000.26 3.20008320000000007e+05
3 10000.26 3.20008320000000007e+05
4 10000.26 3.20008320000000007e+05
5 10000.26 3.20008320000000065e+05
6 10000.26 3.20008320000000007e+05
7 10000.26 3.20008320000000065e+05
8 10000.26 3.20008320000000007e+05
9 10000.26 3.20008320000000007e+05
10 10000.26 3.20008320000000007e+05
11 10000.26 3.20008320000000007e+05
12 10000.26 3.20008320000000065e+05
13 10000.26 3.20008320000000065e+05
14 10000.26 3.20008320000000007e+05
15 10000.26 3.20008320000000007e+05
16 10000.26 3.20008320000000007e+05
17 10000.26 3.20008320000000007e+05
18 10000.26 3.20008320000000007e+05
19 10000.26 3.20008320000000007e+05
20 10000.26 3.20008319999999949e+05
1 10000.27 3.20008640000000014e+05
2 10000.27 3.20008640000000072e+05
3 10000.27 3.20008640000000014e+05
4 10000.27 3.20008640000000014e+05
5 10000.27 3.20008640000000014e+05
6 10000.27 3.20008639999999956e+05
7 10000.27 3.20008639999999956e+05
8 10000.27 3.20008640000000014e+05
9 10000.27 3.20008639999999956e+05
10 10000.27 3.20008640000000072e+05
11 10000.27 3.20008640000000072e+05
12 10000.27 3.20008640000000072e+05
13 10000.27 3.20008640000000072e+05
14 10000.27 3.20008640000000072e+05
15 10000.27 3.20008640000000014e+05
16 10000.27 3.20008639999999956e+05
17 10000.27 3.20008639999999956e+05
18 10000.27 3.20008639999999898e+05
19 10000.27 3.20008640000000014e+05
20 10000.27 3.20008639999999956e+05
1 10000.28 3.20008960000000079e+05
2 10000.28 3.20008959999999963e+05
3 10000.28 3.20008960000000021e+05
4 10000.28 3.20008960000000021e+05
5 10000.28 3.20008960000000021e+05
6 10000.28 3.20008960000000021e+05
7 10000.28 3.20008959999999963e+05
8 10000.28 3.20008960000000021e+05
9 10000.28 3.20008960000000021e+05
10 10000.28 3.20008960000000021e+05
11 10000.28 3.20008960000000021e+05
12 10000.28 3.20008960000000021e+05
13 10000.28 3.20008959999999963e+05
14 10000.28 3.20008960000000021e+05
15 10000.28 3.20008960000000021e+05
16 10000.28 3.20008960000000079e+05
17 10000.28 3.20008960000000021e+05
18 10000.28 3.20008959999999963e+05
19 10000.28 3.20008960000000021e+05
20 10000.28 3.20008960000000021e+05
1 10000.29 3.20009280000000028e+05
2 10000.29 3.20009280000000028e+05
3 10000.29 3.20009279999999970e+05
4 10000.29 3.20009280000000028e+05
5 10000.29 3.20009280000000028e+05
6 10000.29 3.20009279999999970e+05
7 10000.29 3.20009280000000028e+05
8 10000.29 3.20009279999999970e+05
9 10000.29 3.20009280000000028e+05
10 10000.29 3.20009279999999970e+05
11 10000.29 3.20009279999999970e+05
12 10000.29 3.20009280000000028e+05
13 10000.29 3.20009280000000028e+05
14 10000.29 3.20009280000000028e+05
15 10000.29 3.20009280000000028e+05
16 10000.29 3.20009280000000028e+05
17 10000.29 3.20009280000000028e+05
18 10000.29 3.20009280000000028e+05
19 10000.29 3.20009280000000086e+05
20 10000.29 3.20009280000000028e+05
1 10000.30 3.20009599999999977e+05
2 10000.30 3.20009599999999919e+05
3 10000.30 3.20009599999999977e+05
4 10000.30 3.20009599999999977e+05
5 10000.30 3.20009599999999919e+05
6 10000.30 3.20009599999999977e+05
7 10000.30 3.20009599999999977e+05
8 10000.30 3.20009599999999919e+05
9 10000.30 3.20009599999999977e+05
10 10000.30 3.20009600000000035e+05
11 10000.30 3.20009599999999977e+05
12 10000.30 3.20009600000000035e+05
13 10000.30 3.20009599999999919e+05
14 10000.30 3.20009600000000035e+05
15 10000.30 3.20009600000000035e+05
16 10000.30 3.20009599999999860e+05
17 10000.30 3.20009599999999977e+05
18 10000.30 3.20009599999999977e+05
19 10000.30 3.20009599999999977e+05
20 10000.30 3.20009600000000035e+05
1 10000.31 3.20009919999999984e+05
2 10000.31 3.20009919999999984e+05
3 10000.31 3.20009919999999925e+05
4 10000.31 3.20009919999999984e+05
5 10000.31 3.20009919999999984e+05
6 10000.31 3.20009919999999984e+05
7 10000.31 3.20009919999999984e+05
8 10000.31 3.20009919999999984e+05
9 10000.31 3.20009919999999984e+05
10 10000.31 3.20009920000000042e+05
11 10000.31 3.20009919999999984e+05
12 10000.31 3.20009919999999984e+05
13 10000.31 3.20009919999999984e+05
14 10000.31 3.20009919999999984e+05
15 10000.31 3.20009919999999984e+05
16 10000.31 3.20009919999999984e+05
17 10000.31 3.20009919999999984e+05
18 10000.31 3.20009919999999984e+05
19 10000.31 3.20009919999999925e+05
20 10000.31 3.20009919999999867e+05
1 10000.32 3.20010239999999991e+05
2 10000.32 3.20010239999999991e+05
3 10000.32 3.20010240000000049e+05
4 10000.32 3.20010240000000049e+05
5 10000.32 3.20010239999999991e+05
6 10000.32 3.20010240000000049e+05
7 10000.32 3.20010239999999991e+05
8 10000.32 3.20010239999999932e+05
9 10000.32 3.20010240000000107e+05
10 10000.32 3.20010239999999932e+05
11 10000.32 3.20010239999999991e+05
12 10000.32 3.20010240000000049e+05
13 10000.32 3.20010239999999991e+05
14 10000.32 3.20010239999999991e+05
15 10000.32 3.20010240000000049e+05
16 10000.32 3.20010239999999932e+05
17 10000.32 3.20010240000000049e+05
18 10000.32 3.20010239999999932e+05
19 10000.32 3.20010239999999991e+05
20 10000.32 3.20010240000000049e+05
1 10000.33 3.20010559999999998e+05
2 10000.33 3.20010559999999939e+05
3 10000.33 3.20010559999999998e+05
4 10000.33 3.20010559999999998e+05
5 10000.33 3.20010560000000056e+05
6 10000.33 3.20010559999999998e+05
7 10000.33 3.20010559999999939e+05
8 10000.33 3.20010559999999939e+05
9 10000.33 3.20010559999999998e+05
10 10000.33 3.20010559999999998e+05
11 10000.33 3.20010559999999939e+05
12 10000.33 3.20010560000000056e+05
13 10000.33 3.20010559999999998e+05
14 10000.33 3.20010559999999998e+05
15 10000.33 3.20010559999999939e+05
16 10000.33 3.20010559999999998e+05
17 10000.33 3.20010560000000056e+05
18 10000.33 3.20010559999999998e+05
19 10000.33 3.20010559999999998e+05
20 10000.33 3.20010559999999998e+05
1 10000.34 3.20010880000000005e+05
2 10000.34 3.20010880000000005e+05
3 10000.34 3.20010880000000063e+05
4 10000.34 3.20010880000000005e+05
5 10000.34 3.20010880000000005e+05
6 10000.34 3.20010880000000005e+05
7 10000.34 3.20010880000000005e+05
8 10000.34 3.20010879999999946e+05
9 10000.34 3.20010880000000005e+05
10 10000.34 3.20010880000000005e+05
11 10000.34 3.20010879999999946e+05
12 10000.34 3.20010880000000005e+05
13 10000.34 3.20010879999999946e+05
14 10000.34 3.20010880000000005e+05
15 10000.34 3.20010880000000005e+05
16 10000.34 3.20010880000000005e+05
17 10000.34 3.20010880000000063e+05
18 10000.34 3.20010880000000005e+05
19 10000.34 3.20010880000000005e+05
20 10000.34 3.20010879999999946e+05
1 10000.35 3.20011200000000012e+05
2 10000.35 3.20011200000000012e+05
3 10000.35 3.20011199999999953e+05
4 10000.35 3.20011200000000012e+05
5 10000.35 3.20011200000000012e+05
6 10000.35 3.20011200000000012e+05
7 10000.35 3.20011200000000012e+05
8 10000.35 3.20011200000000012e+05
9 10000.35 3.20011200000000012e+05
10 10000.35 3.20011200000000012e+05
11 10000.35 3.20011200000000012e+05
12 10000.35 3.20011199999999953e+05
13 10000.35 3.20011200000000070e+05
14 10000.35 3.20011200000000012e+05
15 10000.35 3.20011200000000012e+05
16 10000.35 3.20011200000000012e+05
17 10000.35 3.20011200000000070e+05
18 10000.35 3.20011200000000012e+05
19 10000.35 3.20011200000000070e+05
20 10000.35 3.20011200000000012e+05
1 10000.36 3.20011520000000019e+05
2 10000.36 3.20011519999999960e+05
3 10000.36 3.20011520000000019e+05
4 10000.36 3.20011520000000019e+05
5 10000.36 3.20011520000000019e+05
6 10000.36 3.20011520000000019e+05
7 10000.36 3.20011520000000019e+05
8 10000.36 3.20011520000000077e+05
9 10000.36 3.20011520000000019e+05
10 10000.36 3.20011520000000077e+05
11 10000.36 3.20011520000000019e+05
12 10000.36 3.20011520000000019e+05
13 10000.36 3.20011520000000019e+05
14 10000.36 3.20011519999999960e+05
15 10000.36 3.20011520000000019e+05
16 10000.36 3.20011520000000019e+05
17 10000.36 3.20011519999999960e+05
18 10000.36 3.20011520000000019e+05
19 10000.36 3.20011520000000077e+05
20 10000.36 3.20011520000000019e+05
1 10000.37 3.20011840000000026e+05
2 10000.37 3.20011840000000026e+05
3 10000.37 3.20011839999999967e+05
4 10000.37 3.20011840000000142e+05
5 10000.37 3.20011840000000026e+05
6 10000.37 3.20011840000000026e+05
7 10000.37 3.20011840000000026e+05
8 10000.37 3.20011840000000026e+05
9 10000.37 3.20011839999999967e+05
10 10000.37 3.20011840000000026e+05
11 10000.37 3.20011839999999967e+05
12 10000.37 3.20011840000000026e+05
13 10000.37 3.20011840000000084e+05
14 10000.37 3.20011839999999967e+05
15 10000.37 3.20011840000000026e+05
16 10000.37 3.20011840000000026e+05
17 10000.37 3.20011840000000026e+05
18 10000.37 3.20011840000000084e+05
19 10000.37 3.20011839999999967e+05
20 10000.37 3.20011839999999967e+05
1 10000.38 3.20012159999999974e+05
2 10000.38 3.20012159999999974e+05
3 10000.38 3.20012159999999974e+05
4 10000.38 3.20012159999999974e+05
5 10000.38 3.20012160000000033e+05
6 10000.38 3.20012159999999916e+05
7 10000.38 3.20012159999999974e+05
8 10000.38 3.20012159999999974e+05
9 10000.38 3.20012159999999916e+05
10 10000.38 3.20012159999999974e+05
11 10000.38 3.20012159999999916e+05
12 10000.38 3.20012159999999916e+05
13 10000.38 3.20012159999999916e+05
14 10000.38 3.20012159999999974e+05
15 10000.38 3.20012159999999974e+05
16 10000.38 3.20012159999999974e+05
17 10000.38 3.20012159999999974e+05
18 10000.38 3.20012159999999974e+05
19 10000.38 3.20012159999999974e+05
20 10000.38 3.20012160000000033e+05
1 10000.39 3.20012479999999981e+05
2 10000.39 3.20012479999999981e+05
3 10000.39 3.20012480000000040e+05
4 10000.39 3.20012479999999923e+05
5 10000.39 3.20012480000000040e+05
6 10000.39 3.20012479999999981e+05
7 10000.39 3.20012479999999981e+05
8 10000.39 3.20012479999999981e+05
9 10000.39 3.20012479999999923e+05
10 10000.39 3.20012479999999981e+05
11 10000.39 3.20012479999999981e+05
12 10000.39 3.20012479999999981e+05
13 10000.39 3.20012479999999981e+05
14 10000.39 3.20012479999999981e+05
15 10000.39 3.20012480000000040e+05
16 10000.39 3.20012479999999981e+05
17 10000.39 3.20012479999999981e+05
18 10000.39 3.20012479999999981e+05
19 10000.39 3.20012479999999981e+05
20 10000.39 3.20012479999999981e+05
1 10000.40 3.20012799999999988e+05
2 10000.40 3.20012799999999988e+05
3 10000.40 3.20012799999999988e+05
4 10000.40 3.20012799999999988e+05
5 10000.40 3.20012799999999988e+05
6 10000.40 3.20012799999999988e+05
7 10000.40 3.20012799999999872e+05
8 10000.40 3.20012799999999988e+05
9 10000.40 3.20012800000000047e+05
10 10000.40 3.20012799999999988e+05
11 10000.40 3.20012799999999988e+05
12 10000.40 3.20012799999999988e+05
13 10000.40 3.20012799999999988e+05
14 10000.40 3.20012799999999988e+05
15 10000.40 3.20012799999999872e+05
16 10000.40 3.20012799999999988e+05
17 10000.40 3.20012800000000047e+05
18 10000.40 3.20012799999999930e+05
19 10000.40 3.20012799999999988e+05
20 10000.40 3.20012799999999988e+05
1 10000.41 3.20013120000000054e+05
2 10000.41 3.20013119999999995e+05
3 10000.41 3.20013119999999995e+05
4 10000.41 3.20013119999999879e+05
5 10000.41 3.20013119999999937e+05
6 10000.41 3.20013119999999995e+05
7 10000.41 3.20013119999999995e+05
8 10000.41 3.20013119999999937e+05
9 10000.41 3.20013119999999937e+05
10 10000.41 3.20013119999999995e+05
11 10000.41 3.20013119999999995e+05
12 10000.41 3.20013119999999995e+05
13 10000.41 3.20013119999999995e+05
14 10000.41 3.20013119999999995e+05
15 10000.41 3.20013119999999995e+05
16 10000.41 3.20013119999999937e+05
17 10000.41 3.20013120000000054e+05
18 10000.41 3.20013119999999995e+05
19 10000.41 3.20013120000000054e+05
20 10000.41 3.20013119999999995e+05
1 10000.42 3.20013439999999944e+05
2 10000.42 3.20013440000000002e+05
3 10000.42 3.20013440000000061e+05
4 10000.42 3.20013440000000002e+05
5 10000.42 3.20013440000000002e+05
6 10000.42 3.20013439999999944e+05
7 10000.42 3.20013440000000061e+05
8 10000.42 3.20013440000000002e+05
9 10000.42 3.20013440000000002e+05
10 10000.42 3.20013440000000002e+05
11 10000.42 3.20013440000000002e+05
12 10000.42 3.20013439999999944e+05
13 10000.42 3.20013439999999944e+05
14 10000.42 3.20013440000000002e+05
15 10000.42 3.20013440000000002e+05
16 10000.42 3.20013440000000002e+05
17 10000.42 3.20013440000000061e+05
18 10000.42 3.20013439999999944e+05
19 10000.42 3.20013440000000061e+05
20 10000.42 3.20013440000000002e+05
1 10000.43 3.20013760000000009e+05
2 10000.43 3.20013760000000009e+05
3 10000.43 3.20013760000000068e+05
4 10000.43 3.20013759999999951e+05
5 10000.43 3.20013760000000009e+05
6 10000.43 3.20013760000000009e+05
7 10000.43 3.20013760000000009e+05
8 10000.43 3.20013760000000009e+05
9 10000.43 3.20013759999999951e+05
10 10000.43 3.20013760000000009e+05
11 10000.43 3.20013760000000068e+05
12 10000.43 3.20013760000000068e+05
13 10000.43 3.20013760000000009e+05
14 10000.43 3.20013760000000009e+05
15 10000.43 3.20013760000000009e+05
16 10000.43 3.20013760000000009e+05
17 10000.43 3.20013759999999951e+05
18 10000.43 3.20013760000000009e+05
19 10000.43 3.20013760000000009e+05
20 10000.43 3.20013759999999951e+05
1 10000.44 3.20014080000000016e+05
2 10000.44 3.20014080000000016e+05
3 10000.44 3.20014080000000016e+05
4 10000.44 3.20014080000000016e+05
5 10000.44 3.20014079999999958e+05
6 10000.44 3.20014080000000016e+05
7 10000.44 3.20014080000000016e+05
8 10000.44 3.20014079999999958e+05
9 10000.44 3.20014080000000016e+05
10 10000.44 3.20014080000000016e+05
11 10000.44 3.20014080000000016e+05
12 10000.44 3.20014080000000075e+05
13 10000.44 3.20014080000000016e+05
14 10000.44 3.20014080000000016e+05
15 10000.44 3.20014080000000016e+05
16 10000.44 3.20014080000000016e+05
17 10000.44 3.20014079999999958e+05
18 10000.44 3.20014080000000075e+05
19 10000.44 3.20014080000000016e+05
20 10000.44 3.20014080000000016e+05
1 10000.45 3.20014399999999965e+05
2 10000.45 3.20014400000000023e+05
3 10000.45 3.20014400000000023e+05
4 10000.45 3.20014400000000023e+05
5 10000.45 3.20014400000000023e+05
6 10000.45 3.20014400000000023e+05
7 10000.45 3.20014400000000023e+05
8 10000.45 3.20014400000000023e+05
9 10000.45 3.20014400000000023e+05
10 10000.45 3.20014400000000081e+05
11 10000.45 3.20014399999999965e+05
12 10000.45 3.20014400000000023e+05
13 10000.45 3.20014400000000023e+05
14 10000.45 3.20014399999999965e+05
15 10000.45 3.20014399999999965e+05
16 10000.45 3.20014400000000023e+05
17 10000.45 3.20014400000000023e+05
18 10000.45 3.20014400000000023e+05
19 10000.45 3.20014400000000023e+05
20 10000.45 3.20014400000000023e+05
1 10000.46 3.20014719999999914e+05
2 10000.46 3.20014719999999972e+05
3 10000.46 3.20014720000000030e+05
4 10000.46 3.20014719999999972e+05
5 10000.46 3.20014719999999914e+05
6 10000.46 3.20014719999999972e+05
7 10000.46 3.20014720000000030e+05
8 10000.46 3.20014719999999972e+05
9 10000.46 3.20014719999999972e+05
10 10000.46 3.20014720000000030e+05
11 10000.46 3.20014719999999972e+05
12 10000.46 3.20014720000000030e+05
13 10000.46 3.20014719999999914e+05
14 10000.46 3.20014720000000030e+05
15 10000.46 3.20014719999999972e+05
16 10000.46 3.20014720000000030e+05
17 10000.46 3.20014719999999972e+05
18 10000.46 3.20014719999999972e+05
19 10000.46 3.20014719999999914e+05
20 10000.46 3.20014720000000030e+05
1 10000.47 3.20015039999999979e+05
2 10000.47 3.20015040000000037e+05
3 10000.47 3.20015039999999979e+05
4 10000.47 3.20015039999999921e+05
5 10000.47 3.20015039999999921e+05
6 10000.47 3.20015039999999921e+05
7 10000.47 3.20015039999999921e+05
8 10000.47 3.20015039999999921e+05
9 10000.47 3.20015040000000037e+05
10 10000.47 3.20015039999999921e+05
11 10000.47 3.20015039999999979e+05
12 10000.47 3.20015039999999979e+05
13 10000.47 3.20015039999999921e+05
14 10000.47 3.20015040000000037e+05
15 10000.47 3.20015039999999979e+05
16 10000.47 3.20015039999999921e+05
17 10000.47 3.20015040000000037e+05
18 10000.47 3.20015039999999921e+05
19 10000.47 3.20015039999999979e+05
20 10000.47 3.20015039999999921e+05
1 10000.48 3.20015359999999986e+05
2 10000.48 3.20015359999999986e+05
3 10000.48 3.20015359999999986e+05
4 10000.48 3.20015360000000044e+05
5 10000.48 3.20015359999999986e+05
6 10000.48 3.20015360000000044e+05
7 10000.48 3.20015360000000044e+05
8 10000.48 3.20015359999999928e+05
9 10000.48 3.20015359999999928e+05
10 10000.48 3.20015359999999986e+05
11 10000.48 3.20015359999999986e+05
12 10000.48 3.20015359999999928e+05
13 10000.48 3.20015359999999986e+05
14 10000.48 3.20015359999999986e+05
15 10000.48 3.20015359999999986e+05
16 10000.48 3.20015359999999986e+05
17 10000.48 3.20015359999999928e+05
18 10000.48 3.20015359999999986e+05
19 10000.48 3.20015359999999986e+05
20 10000.48 3.20015359999999986e+05
1 10000.49 3.20015679999999935e+05
2 10000.49 3.20015679999999993e+05
3 10000.49 3.20015679999999935e+05
4 10000.49 3.20015680000000051e+05
5 10000.49 3.20015679999999993e+05
6 10000.49 3.20015680000000051e+05
7 10000.49 3.20015680000000051e+05
8 10000.49 3.20015679999999993e+05
9 10000.49 3.20015679999999993e+05
10 10000.49 3.20015679999999935e+05
11 10000.49 3.20015679999999935e+05
12 10000.49 3.20015679999999993e+05
13 10000.49 3.20015679999999935e+05
14 10000.49 3.20015679999999993e+05
15 10000.49 3.20015679999999935e+05
16 10000.49 3.20015679999999993e+05
17 10000.49 3.20015679999999993e+05
18 10000.49 3.20015680000000051e+05
19 10000.49 3.20015680000000051e+05
20 10000.49 3.20015679999999993e+05
1 10000.50 3.20016000000000000e+05
2 10000.50 3.20016000000000000e+05
3 10000.50 3.20016000000000000e+05
4 10000.50 3.20016000000000000e+05
5 10000.50 3.20016000000000000e+05
6 10000.50 3.20016000000000000e+05
7 10000.50 3.20016000000000000e+05
8 10000.50 3.20016000000000000e+05
9 10000.50 3.20015999999999942e+05
10 10000.50 3.20015999999999942e+05
11 10000.50 3.20015999999999942e+05
12 10000.50 3.20016000000000000e+05
13 10000.50 3.20016000000000000e+05
14 10000.50 3.20016000000000000e+05
15 10000.50 3.20016000000000000e+05
16 10000.50 3.20016000000000000e+05
17 10000.50 3.20016000000000000e+05
18 10000.50 3.20016000000000000e+05
19 10000.50 3.20016000000000000e+05
20 10000.50 3.20016000000000000e+05
1 10000.51 3.20016320000000007e+05
2 10000.51 3.20016320000000007e+05
3 10000.51 3.20016320000000065e+05
4 10000.51 3.20016320000000007e+05
5 10000.51 3.20016320000000007e+05
6 10000.51 3.20016320000000007e+05
7 10000.51 3.20016320000000007e+05
8 10000.51 3.20016320000000065e+05
9 10000.51 3.20016319999999949e+05
10 10000.51 3.20016320000000065e+05
11 10000.51 3.20016319999999949e+05
12 10000.51 3.20016320000000007e+05
13 10000.51 3.20016320000000007e+05
14 10000.51 3.20016320000000007e+05
15 10000.51 3.20016320000000007e+05
16 10000.51 3.20016320000000007e+05
17 10000.51 3.20016320000000007e+05
18 10000.51 3.20016319999999949e+05
19 10000.51 3.20016320000000065e+05
20 10000.51 3.20016320000000007e+05
1 10000.52 3.20016640000000072e+05
2 10000.52 3.20016640000000014e+05
3 10000.52 3.20016639999999956e+05
4 10000.52 3.20016639999999956e+05
5 10000.52 3.20016640000000014e+05
6 10000.52 3.20016640000000014e+05
7 10000.52 3.20016640000000072e+05
8 10000.52 3.20016639999999956e+05
9 10000.52 3.20016640000000014e+05
10 10000.52 3.20016640000000014e+05
11 10000.52 3.20016640000000014e+05
12 10000.52 3.20016639999999956e+05
13 10000.52 3.20016640000000014e+05
14 10000.52 3.20016640000000072e+05
15 10000.52 3.20016640000000014e+05
16 10000.52 3.20016639999999956e+05
17 10000.52 3.20016640000000014e+05
18 10000.52 3.20016640000000014e+05
19 10000.52 3.20016640000000014e+05
20 10000.52 3.20016640000000014e+05
1 10000.53 3.20016960000000079e+05
2 10000.53 3.20016959999999963e+05
3 10000.53 3.20016960000000021e+05
4 10000.53 3.20016960000000021e+05
5 10000.53 3.20016960000000079e+05
6 10000.53 3.20016960000000021e+05
7 10000.53 3.20016960000000079e+05
8 10000.53 3.20016960000000021e+05
9 10000.53 3.20016959999999963e+05
10 10000.53 3.20016959999999963e+05
11 10000.53 3.20016960000000021e+05
12 10000.53 3.20016960000000021e+05
13 10000.53 3.20016960000000021e+05
14 10000.53 3.20016960000000079e+05
15 10000.53 3.20016960000000021e+05
16 10000.53 3.20016960000000021e+05
17 10000.53 3.20016960000000021e+05
18 10000.53 3.20016960000000021e+05
19 10000.53 3.20016959999999963e+05
20 10000.53 3.20016960000000021e+05
1 10000.54 3.20017280000000028e+05
2 10000.54 3.20017280000000028e+05
3 10000.54 3.20017280000000028e+05
4 10000.54 3.20017280000000028e+05
5 10000.54 3.20017279999999970e+05
6 10000.54 3.20017280000000028e+05
7 10000.54 3.20017279999999970e+05
8 10000.54 3.20017279999999970e+05
9 10000.54 3.20017280000000028e+05
10 10000.54 3.20017280000000028e+05
11 10000.54 3.20017280000000028e+05
12 10000.54 3.20017280000000086e+05
13 10000.54 3.20017280000000028e+05
14 10000.54 3.20017280000000028e+05
15 10000.54 3.20017280000000028e+05
16 10000.54 3.20017280000000028e+05
17 10000.54 3.20017280000000028e+05
18 10000.54 3.20017280000000086e+05
19 10000.54 3.20017280000000028e+05
20 10000.54 3.20017280000000028e+05
1 10000.55 3.20017599999999919e+05
2 10000.55 3.20017599999999977e+05
3 10000.55 3.20017599999999977e+05
4 10000.55 3.20017600000000035e+05
5 10000.55 3.20017599999999977e+05
6 10000.55 3.20017599999999977e+05
7 10000.55 3.20017599999999977e+05
8 10000.55 3.20017600000000035e+05
9 10000.55 3.20017600000000035e+05
10 10000.55 3.20017600000000035e+05
11 10000.55 3.20017599999999919e+05
12 10000.55 3.20017599999999977e+05
13 10000.55 3.20017599999999977e+05
14 10000.55 3.20017599999999977e+05
15 10000.55 3.20017599999999977e+05
16 10000.55 3.20017599999999977e+05
17 10000.55 3.20017599999999977e+05
18 10000.55 3.20017600000000035e+05
19 10000.55 3.20017599999999919e+05
20 10000.55 3.20017599999999977e+05
1 10000.56 3.20017919999999984e+05
2 10000.56 3.20017920000000042e+05
3 10000.56 3.20017919999999984e+05
4 10000.56 3.20017919999999925e+05
5 10000.56 3.20017919999999925e+05
6 10000.56 3.20017919999999984e+05
7 10000.56 3.20017919999999984e+05
8 10000.56 3.20017919999999984e+05
9 10000.56 3.20017919999999925e+05
10 10000.56 3.20017919999999984e+05
11 10000.56 3.20017919999999984e+05
12 10000.56 3.20017920000000042e+05
13 10000.56 3.20017919999999984e+05
14 10000.56 3.20017919999999984e+05
15 10000.56 3.20017919999999984e+05
16 10000.56 3.20017920000000042e+05
17 10000.56 3.20017919999999984e+05
18 10000.56 3.20017919999999984e+05
19 10000.56 3.20017920000000042e+05
20 10000.56 3.20017919999999925e+05
1 10000.57 3.20018240000000049e+05
2 10000.57 3.20018240000000049e+05
3 10000.57 3.20018240000000049e+05
4 10000.57 3.20018239999999932e+05
5 10000.57 3.20018239999999991e+05
6 10000.57 3.20018239999999991e+05
7 10000.57 3.20018239999999991e+05
8 10000.57 3.20018239999999932e+05
9 10000.57 3.20018240000000049e+05
10 10000.57 3.20018239999999991e+05
11 10000.57 3.20018239999999991e+05
12 10000.57 3.20018239999999991e+05
13 10000.57 3.20018239999999991e+05
14 10000.57 3.20018239999999991e+05
15 10000.57 3.20018239999999991e+05
16 10000.57 3.20018240000000049e+05
17 10000.57 3.20018239999999932e+05
18 10000.57 3.20018239999999991e+05
19 10000.57 3.20018240000000049e+05
20 10000.57 3.20018240000000049e+05
1 10000.58 3.20018559999999939e+05
2 10000.58 3.20018559999999998e+05
3 10000.58 3.20018559999999939e+05
4 10000.58 3.20018559999999998e+05
5 10000.58 3.20018559999999939e+05
6 10000.58 3.20018559999999998e+05
7 10000.58 3.20018559999999939e+05
8 10000.58 3.20018559999999998e+05
9 10000.58 3.20018559999999998e+05
10 10000.58 3.20018560000000056e+05
11 10000.58 3.20018559999999939e+05
12 10000.58 3.20018560000000056e+05
13 10000.58 3.20018559999999998e+05
14 10000.58 3.20018559999999998e+05
15 10000.58 3.20018559999999998e+05
16 10000.58 3.20018559999999939e+05
17 10000.58 3.20018559999999998e+05
18 10000.58 3.20018559999999998e+05
19 10000.58 3.20018559999999998e+05
20 10000.58 3.20018559999999998e+05
1 10000.59 3.20018880000000005e+05
2 10000.59 3.20018879999999946e+05
3 10000.59 3.20018880000000005e+05
4 10000.59 3.20018880000000005e+05
5 10000.59 3.20018880000000005e+05
6 10000.59 3.20018880000000005e+05
7 10000.59 3.20018880000000005e+05
8 10000.59 3.20018880000000005e+05
9 10000.59 3.20018879999999946e+05
10 10000.59 3.20018880000000005e+05
11 10000.59 3.20018880000000005e+05
12 10000.59 3.20018880000000005e+05
13 10000.59 3.20018880000000005e+05
14 10000.59 3.20018880000000005e+05
15 10000.59 3.20018880000000005e+05
16 10000.59 3.20018880000000063e+05
17 10000.59 3.20018880000000005e+05
18 10000.59 3.20018880000000005e+05
19 10000.59 3.20018880000000063e+05
20 10000.59 3.20018880000000005e+05
1 10000.60 3.20019200000000012e+05
2 10000.60 3.20019200000000070e+05
3 10000.60 3.20019200000000012e+05
4 10000.60 3.20019199999999953e+05
5 10000.60 3.20019200000000012e+05
6 10000.60 3.20019200000000012e+05
7 10000.60 3.20019200000000012e+05
8 10000.60 3.20019199999999953e+05
9 10000.60 3.20019200000000012e+05
10 10000.60 3.20019199999999953e+05
11 10000.60 3.20019199999999953e+05
12 10000.60 3.20019200000000012e+05
13 10000.60 3.20019200000000012e+05
14 10000.60 3.20019200000000070e+05
15 10000.60 3.20019200000000012e+05
16 10000.60 3.20019200000000012e+05
17 10000.60 3.20019200000000012e+05
18 10000.60 3.20019200000000012e+05
19 10000.60 3.20019200000000012e+05
20 10000.60 3.20019200000000012e+05
1 10000.61 3.20019520000000019e+05
2 10000.61 3.20019520000000019e+05
3 10000.61 3.20019520000000019e+05
4 10000.61 3.20019520000000019e+05
5 10000.61 3.20019520000000077e+05
6 10000.61 3.20019519999999960e+05
7 10000.61 3.20019520000000019e+05
8 10000.61 3.20019520000000019e+05
9 10000.61 3.20019520000000019e+05
10 10000.61 3.20019520000000019e+05
11 10000.61 3.20019519999999960e+05
12 10000.61 3.20019520000000135e+05
13 10000.61 3.20019520000000019e+05
14 10000.61 3.20019519999999960e+05
15 10000.61 3.20019520000000019e+05
16 10000.61 3.20019520000000019e+05
17 10000.61 3.20019520000000019e+05
18 10000.61 3.20019520000000019e+05
19 10000.61 3.20019519999999960e+05
20 10000.61 3.20019520000000077e+05
1 10000.62 3.20019840000000026e+05
2 10000.62 3.20019840000000026e+05
3 10000.62 3.20019840000000084e+05
4 10000.62 3.20019840000000026e+05
5 10000.62 3.20019840000000084e+05
6 10000.62 3.20019839999999967e+05
7 10000.62 3.20019840000000026e+05
8 10000.62 3.20019840000000026e+05
9 10000.62 3.20019840000000084e+05
10 10000.62 3.20019840000000084e+05
11 10000.62 3.20019840000000026e+05
12 10000.62 3.20019840000000026e+05
13 10000.62 3.20019839999999967e+05
14 10000.62 3.20019840000000026e+05
15 10000.62 3.20019839999999967e+05
16 10000.62 3.20019840000000084e+05
17 10000.62 3.20019839999999967e+05
18 10000.62 3.20019840000000026e+05
19 10000.62 3.20019840000000026e+05
20 10000.62 3.20019840000000026e+05
1 10000.63 3.20020160000000033e+05
2 10000.63 3.20020159999999974e+05
3 10000.63 3.20020159999999974e+05
4 10000.63 3.20020159999999974e+05
5 10000.63 3.20020159999999974e+05
6 10000.63 3.20020159999999974e+05
7 10000.63 3.20020159999999974e+05
8 10000.63 3.20020159999999916e+05
9 10000.63 3.20020159999999974e+05
10 10000.63 3.20020159999999974e+05
11 10000.63 3.20020159999999974e+05
12 10000.63 3.20020159999999974e+05
13 10000.63 3.20020159999999974e+05
14 10000.63 3.20020159999999974e+05
15 10000.63 3.20020159999999974e+05
16 10000.63 3.20020159999999974e+05
17 10000.63 3.20020159999999974e+05
18 10000.63 3.20020159999999974e+05
19 10000.63 3.20020160000000033e+05
20 10000.63 3.20020159999999974e+05
1 10000.64 3.20020479999999981e+05
2 10000.64 3.20020479999999981e+05
3 10000.64 3.20020480000000040e+05
4 10000.64 3.20020479999999981e+05
5 10000.64 3.20020479999999981e+05
6 10000.64 3.20020479999999981e+05
7 10000.64 3.20020479999999981e+05
8 10000.64 3.20020479999999981e+05
9 10000.64 3.20020479999999981e+05
10 10000.64 3.20020479999999981e+05
11 10000.64 3.20020479999999923e+05
12 10000.64 3.20020479999999981e+05
13 10000.64 3.20020479999999923e+05
14 10000.64 3.20020479999999981e+05
15 10000.64 3.20020479999999981e+05
16 10000.64 3.20020479999999923e+05
17 10000.64 3.20020479999999981e+05
18 10000.64 3.20020479999999981e+05
19 10000.64 3.20020479999999981e+05
20 10000.64 3.20020480000000040e+05
1 10000.65 3.20020800000000047e+05
2 10000.65 3.20020800000000047e+05
3 10000.65 3.20020799999999930e+05
4 10000.65 3.20020799999999988e+05
5 10000.65 3.20020799999999988e+05
6 10000.65 3.20020799999999930e+05
7 10000.65 3.20020800000000047e+05
8 10000.65 3.20020799999999930e+05
9 10000.65 3.20020799999999988e+05
10 10000.65 3.20020799999999988e+05
11 10000.65 3.20020799999999988e+05
12 10000.65 3.20020799999999988e+05
13 10000.65 3.20020799999999988e+05
14 10000.65 3.20020799999999988e+05
15 10000.65 3.20020800000000047e+05
16 10000.65 3.20020799999999988e+05
17 10000.65 3.20020799999999988e+05
18 10000.65 3.20020799999999988e+05
19 10000.65 3.20020799999999988e+05
20 10000.65 3.20020799999999988e+05
1 10000.66 3.20021120000000054e+05
2 10000.66 3.20021119999999995e+05
3 10000.66 3.20021119999999995e+05
4 10000.66 3.20021120000000054e+05
5 10000.66 3.20021119999999937e+05
6 10000.66 3.20021120000000054e+05
7 10000.66 3.20021120000000054e+05
8 10000.66 3.20021120000000054e+05
9 10000.66 3.20021119999999995e+05
10 10000.66 3.20021119999999995e+05
11 10000.66 3.20021119999999995e+05
12 10000.66 3.20021119999999995e+05
13 10000.66 3.20021120000000054e+05
14 10000.66 3.20021119999999995e+05
15 10000.66 3.20021119999999995e+05
16 10000.66 3.20021119999999995e+05
17 10000.66 3.20021119999999995e+05
18 10000.66 3.20021119999999995e+05
19 10000.66 3.20021120000000054e+05
20 10000.66 3.20021119999999995e+05
1 10000.67 3.20021440000000002e+05
2 10000.67 3.20021440000000002e+05
3 10000.67 3.20021439999999944e+05
4 10000.67 3.20021440000000002e+05
5 10000.67 3.20021440000000002e+05
6 10000.67 3.20021440000000061e+05
7 10000.67 3.20021440000000002e+05
8 10000.67 3.20021440000000061e+05
9 10000.67 3.20021439999999944e+05
10 10000.67 3.20021440000000002e+05
11 10000.67 3.20021440000000061e+05
12 10000.67 3.20021440000000002e+05
13 10000.67 3.20021440000000002e+05
14 10000.67 3.20021440000000002e+05
15 10000.67 3.20021440000000002e+05
16 10000.67 3.20021439999999944e+05
17 10000.67 3.20021440000000002e+05
18 10000.67 3.20021439999999944e+05
19 10000.67 3.20021440000000002e+05
20 10000.67 3.20021440000000002e+05
1 10000.68 3.20021760000000068e+05
2 10000.68 3.20021760000000068e+05
3 10000.68 3.20021760000000068e+05
4 10000.68 3.20021760000000009e+05
5 10000.68 3.20021760000000009e+05
6 10000.68 3.20021760000000068e+05
7 10000.68 3.20021760000000009e+05
8 10000.68 3.20021760000000009e+05
9 10000.68 3.20021760000000068e+05
10 10000.68 3.20021760000000009e+05
11 10000.68 3.20021760000000009e+05
12 10000.68 3.20021760000000009e+05
13 10000.68 3.20021760000000009e+05
14 10000.68 3.20021760000000068e+05
15 10000.68 3.20021760000000009e+05
16 10000.68 3.20021760000000009e+05
17 10000.68 3.20021760000000009e+05
18 10000.68 3.20021760000000009e+05
19 10000.68 3.20021760000000009e+05
20 10000.68 3.20021759999999951e+05
1 10000.69 3.20022080000000075e+05
2 10000.69 3.20022079999999958e+05
3 10000.69 3.20022080000000016e+05
4 10000.69 3.20022080000000016e+05
5 10000.69 3.20022080000000016e+05
6 10000.69 3.20022079999999958e+05
7 10000.69 3.20022080000000016e+05
8 10000.69 3.20022080000000016e+05
9 10000.69 3.20022080000000016e+05
10 10000.69 3.20022080000000016e+05
11 10000.69 3.20022080000000075e+05
12 10000.69 3.20022080000000016e+05
13 10000.69 3.20022080000000075e+05
14 10000.69 3.20022079999999958e+05
15 10000.69 3.20022080000000016e+05
16 10000.69 3.20022080000000016e+05
17 10000.69 3.20022080000000016e+05
18 10000.69 3.20022079999999958e+05
19 10000.69 3.20022080000000016e+05
20 10000.69 3.20022080000000075e+05
1 10000.70 3.20022400000000081e+05
2 10000.70 3.20022400000000023e+05
3 10000.70 3.20022400000000023e+05
4 10000.70 3.20022399999999965e+05
5 10000.70 3.20022400000000023e+05
6 10000.70 3.20022400000000023e+05
7 10000.70 3.20022400000000023e+05
8 10000.70 3.20022400000000023e+05
9 10000.70 3.20022400000000023e+05
10 10000.70 3.20022400000000023e+05
11 10000.70 3.20022400000000023e+05
12 10000.70 3.20022400000000023e+05
13 10000.70 3.20022400000000081e+05
14 10000.70 3.20022400000000023e+05
15 10000.70 3.20022399999999965e+05
16 10000.70 3.20022399999999965e+05
17 10000.70 3.20022400000000023e+05
18 10000.70 3.20022400000000081e+05
19 10000.70 3.20022400000000023e+05
20 10000.70 3.20022399999999965e+05
1 10000.71 3.20022719999999972e+05
2 10000.71 3.20022720000000030e+05
3 10000.71 3.20022719999999914e+05
4 10000.71 3.20022719999999972e+05
5 10000.71 3.20022719999999972e+05
6 10000.71 3.20022719999999856e+05
7 10000.71 3.20022720000000030e+05
8 10000.71 3.20022719999999972e+05
9 10000.71 3.20022719999999972e+05
10 10000.71 3.20022719999999972e+05
11 10000.71 3.20022719999999972e+05
12 10000.71 3.20022719999999972e+05
13 10000.71 3.20022719999999972e+05
14 10000.71 3.20022720000000030e+05
15 10000.71 3.20022720000000030e+05
16 10000.71 3.20022719999999972e+05
17 10000.71 3.20022720000000030e+05
18 10000.71 3.20022719999999972e+05
19 10000.71 3.20022719999999972e+05
20 10000.71 3.20022719999999972e+05
1 10000.72 3.20023039999999979e+05
2 10000.72 3.20023039999999979e+05
3 10000.72 3.20023039999999921e+05
4 10000.72 3.20023039999999979e+05
5 10000.72 3.20023040000000037e+05
6 10000.72 3.20023039999999979e+05
7 10000.72 3.20023039999999921e+05
8 10000.72 3.20023039999999979e+05
9 10000.72 3.20023039999999979e+05
10 10000.72 3.20023039999999979e+05
11 10000.72 3.20023039999999979e+05
12 10000.72 3.20023039999999979e+05
13 10000.72 3.20023039999999979e+05
14 10000.72 3.20023039999999979e+05
15 10000.72 3.20023039999999979e+05
16 10000.72 3.20023039999999921e+05
17 10000.72 3.20023039999999921e+05
18 10000.72 3.20023039999999979e+05
19 10000.72 3.20023039999999921e+05
20 10000.72 3.20023039999999979e+05
1 10000.73 3.20023360000000044e+05
2 10000.73 3.20023359999999986e+05
3 10000.73 3.20023359999999986e+05
4 10000.73 3.20023359999999986e+05
5 10000.73 3.20023359999999986e+05
6 10000.73 3.20023359999999986e+05
7 10000.73 3.20023359999999986e+05
8 10000.73 3.20023359999999986e+05
9 10000.73 3.20023359999999986e+05
10 10000.73 3.20023359999999986e+05
11 10000.73 3.20023359999999986e+05
12 10000.73 3.20023359999999986e+05
13 10000.73 3.20023359999999986e+05
14 10000.73 3.20023359999999928e+05
15 10000.73 3.20023359999999986e+05
16 10000.73 3.20023359999999986e+05
17 10000.73 3.20023359999999986e+05
18 10000.73 3.20023359999999986e+05
19 10000.73 3.20023360000000044e+05
20 10000.73 3.20023359999999986e+05
1 10000.74 3.20023679999999993e+05
2 10000.74 3.20023679999999993e+05
3 10000.74 3.20023679999999935e+05
4 10000.74 3.20023679999999935e+05
5 10000.74 3.20023680000000051e+05
6 10000.74 3.20023679999999993e+05
7 10000.74 3.20023680000000051e+05
8 10000.74 3.20023680000000051e+05
9 10000.74 3.20023679999999993e+05
10 10000.74 3.20023679999999993e+05
11 10000.74 3.20023679999999993e+05
12 10000.74 3.20023679999999935e+05
13 10000.74 3.20023679999999993e+05
14 10000.74 3.20023679999999993e+05
15 10000.74 3.20023680000000051e+05
16 10000.74 3.20023679999999935e+05
17 10000.74 3.20023680000000051e+05
18 10000.74 3.20023679999999935e+05
19 10000.74 3.20023680000000051e+05
20 10000.74 3.20023679999999993e+05
1 10000.75 3.20024000000000000e+05
2 10000.75 3.20024000000000058e+05
3 10000.75 3.20024000000000000e+05
4 10000.75 3.20024000000000000e+05
5 10000.75 3.20024000000000058e+05
6 10000.75 3.20023999999999942e+05
7 10000.75 3.20024000000000000e+05
8 10000.75 3.20024000000000000e+05
9 10000.75 3.20024000000000000e+05
10 10000.75 3.20024000000000000e+05
11 10000.75 3.20024000000000000e+05
12 10000.75 3.20024000000000000e+05
13 10000.75 3.20024000000000000e+05
14 10000.75 3.20024000000000000e+05
15 10000.75 3.20024000000000000e+05
16 10000.75 3.20023999999999942e+05
17 10000.75 3.20024000000000058e+05
18 10000.75 3.20024000000000000e+05
19 10000.75 3.20024000000000000e+05
20 10000.75 3.20024000000000000e+05
1 10000.76 3.20024320000000065e+05
2 10000.76 3.20024319999999949e+05
3 10000.76 3.20024320000000065e+05
4 10000.76 3.20024320000000065e+05
5 10000.76 3.20024319999999949e+05
6 10000.76 3.20024320000000007e+05
7 10000.76 3.20024320000000065e+05
8 10000.76 3.20024319999999949e+05
9 10000.76 3.20024320000000007e+05
10 10000.76 3.20024320000000007e+05
11 10000.76 3.20024319999999949e+05
12 10000.76 3.20024320000000007e+05
13 10000.76 3.20024320000000065e+05
14 10000.76 3.20024319999999949e+05
15 10000.76 3.20024320000000123e+05
16 10000.76 3.20024319999999949e+05
17 10000.76 3.20024320000000065e+05
18 10000.76 3.20024320000000007e+05
19 10000.76 3.20024320000000007e+05
20 10000.76 3.20024319999999949e+05
1 10000.77 3.20024640000000014e+05
2 10000.77 3.20024640000000014e+05
3 10000.77 3.20024639999999956e+05
4 10000.77 3.20024640000000072e+05
5 10000.77 3.20024640000000014e+05
6 10000.77 3.20024640000000014e+05
7 10000.77 3.20024640000000014e+05
8 10000.77 3.20024640000000014e+05
9 10000.77 3.20024640000000014e+05
10 10000.77 3.20024640000000014e+05
11 10000.77 3.20024640000000072e+05
12 10000.77 3.20024640000000014e+05
13 10000.77 3.20024639999999956e+05
14 10000.77 3.20024640000000014e+05
15 10000.77 3.20024640000000014e+05
16 10000.77 3.20024639999999956e+05
17 10000.77 3.20024639999999956e+05
18 10000.77 3.20024640000000014e+05
19 10000.77 3.20024639999999956e+05
20 10000.77 3.20024640000000014e+05
1 10000.78 3.20024959999999963e+05
2 10000.78 3.20024959999999905e+05
3 10000.78 3.20024960000000021e+05
4 10000.78 3.20024960000000021e+05
5 10000.78 3.20024960000000021e+05
6 10000.78 3.20024960000000021e+05
7 10000.78 3.20024959999999963e+05
8 10000.78 3.20024959999999963e+05
9 10000.78 3.20024960000000021e+05
10 10000.78 3.20024960000000021e+05
11 10000.78 3.20024960000000079e+05
12 10000.78 3.20024960000000021e+05
13 10000.78 3.20024960000000079e+05
14 10000.78 3.20024960000000021e+05
15 10000.78 3.20024959999999963e+05
16 10000.78 3.20024960000000021e+05
17 10000.78 3.20024960000000079e+05
18 10000.78 3.20024960000000021e+05
19 10000.78 3.20024960000000021e+05
20 10000.78 3.20024960000000021e+05
1 10000.79 3.20025280000000086e+05
2 10000.79 3.20025280000000028e+05
3 10000.79 3.20025280000000028e+05
4 10000.79 3.20025280000000028e+05
5 10000.79 3.20025280000000028e+05
6 10000.79 3.20025280000000028e+05
7 10000.79 3.20025280000000086e+05
8 10000.79 3.20025280000000086e+05
9 10000.79 3.20025280000000028e+05
10 10000.79 3.20025279999999970e+05
11 10000.79 3.20025280000000028e+05
12 10000.79 3.20025280000000028e+05
13 10000.79 3.20025279999999970e+05
14 10000.79 3.20025279999999970e+05
15 10000.79 3.20025279999999970e+05
16 10000.79 3.20025280000000086e+05
17 10000.79 3.20025280000000028e+05
18 10000.79 3.20025279999999970e+05
19 10000.79 3.20025280000000028e+05
20 10000.79 3.20025280000000028e+05
1 10000.80 3.20025599999999919e+05
2 10000.80 3.20025599999999977e+05
3 10000.80 3.20025599999999919e+05
4 10000.80 3.20025599999999919e+05
5 10000.80 3.20025599999999919e+05
6 10000.80 3.20025599999999919e+05
7 10000.80 3.20025599999999977e+05
8 10000.80 3.20025599999999977e+05
9 10000.80 3.20025599999999977e+05
10 10000.80 3.20025599999999977e+05
11 10000.80 3.20025600000000035e+05
12 10000.80 3.20025599999999977e+05
13 10000.80 3.20025599999999977e+05
14 10000.80 3.20025599999999919e+05
15 10000.80 3.20025599999999977e+05
16 10000.80 3.20025599999999977e+05
17 10000.80 3.20025600000000035e+05
18 10000.80 3.20025599999999977e+05
19 10000.80 3.20025599999999977e+05
20 10000.80 3.20025600000000035e+05
1 10000.81 3.20025919999999925e+05
2 10000.81 3.20025919999999925e+05
3 10000.81 3.20025920000000042e+05
4 10000.81 3.20025920000000042e+05
5 10000.81 3.20025919999999984e+05
6 10000.81 3.20025919999999984e+05
7 10000.81 3.20025919999999984e+05
8 10000.81 3.20025919999999984e+05
9 10000.81 3.20025919999999925e+05
10 10000.81 3.20025919999999984e+05
11 10000.81 3.20025919999999984e+05
12 10000.81 3.20025919999999984e+05
13 10000.81 3.20025920000000042e+05
14 10000.81 3.20025919999999984e+05
15 10000.81 3.20025919999999984e+05
16 10000.81 3.20025919999999984e+05
17 10000.81 3.20025919999999984e+05
18 10000.81 3.20025920000000042e+05
19 10000.81 3.20025919999999925e+05
20 10000.81 3.20025919999999984e+05
1 10000.82 3.20026240000000049e+05
2 10000.82 3.20026239999999991e+05
3 10000.82 3.20026240000000049e+05
4 10000.82 3.20026240000000049e+05
5 10000.82 3.20026239999999991e+05
6 10000.82 3.20026239999999991e+05
7 10000.82 3.20026239999999991e+05
8 10000.82 3.20026240000000049e+05
9 10000.82 3.20026239999999991e+05
10 10000.82 3.20026239999999991e+05
11 10000.82 3.20026239999999932e+05
12 10000.82 3.20026240000000049e+05
13 10000.82 3.20026239999999991e+05
14 10000.82 3.20026239999999991e+05
15 10000.82 3.20026239999999991e+05
16 10000.82 3.20026239999999991e+05
17 10000.82 3.20026239999999932e+05
18 10000.82 3.20026240000000049e+05
19 10000.82 3.20026239999999991e+05
20 10000.82 3.20026239999999991e+05
1 10000.83 3.20026559999999939e+05
2 10000.83 3.20026559999999939e+05
3 10000.83 3.20026559999999998e+05
4 10000.83 3.20026559999999998e+05
5 10000.83 3.20026559999999939e+05
6 10000.83 3.20026560000000056e+05
7 10000.83 3.20026560000000056e+05
8 10000.83 3.20026560000000056e+05
9 10000.83 3.20026559999999939e+05
10 10000.83 3.20026559999999998e+05
11 10000.83 3.20026559999999998e+05
12 10000.83 3.20026559999999998e+05
13 10000.83 3.20026559999999939e+05
14 10000.83 3.20026560000000056e+05
15 10000.83 3.20026559999999998e+05
16 10000.83 3.20026559999999998e+05
17 10000.83 3.20026559999999998e+05
18 10000.83 3.20026559999999998e+05
19 10000.83 3.20026559999999998e+05
20 10000.83 3.20026559999999998e+05
1 10000.84 3.20026879999999946e+05
2 10000.84 3.20026880000000005e+05
3 10000.84 3.20026880000000005e+05
4 10000.84 3.20026880000000005e+05
5 10000.84 3.20026880000000005e+05
6 10000.84 3.20026879999999946e+05
7 10000.84 3.20026880000000005e+05
8 10000.84 3.20026880000000005e+05
9 10000.84 3.20026880000000005e+05
10 10000.84 3.20026880000000005e+05
11 10000.84 3.20026880000000005e+05
12 10000.84 3.20026879999999946e+05
13 10000.84 3.20026880000000005e+05
14 10000.84 3.20026880000000005e+05
15 10000.84 3.20026880000000005e+05
16 10000.84 3.20026880000000005e+05
17 10000.84 3.20026880000000063e+05
18 10000.84 3.20026880000000005e+05
19 10000.84 3.20026880000000063e+05
20 10000.84 3.20026880000000063e+05
1 10000.85 3.20027200000000012e+05
2 10000.85 3.20027200000000012e+05
3 10000.85 3.20027199999999953e+05
4 10000.85 3.20027200000000012e+05
5 10000.85 3.20027199999999953e+05
6 10000.85 3.20027200000000070e+05
7 10000.85 3.20027200000000012e+05
8 10000.85 3.20027200000000012e+05
9 10000.85 3.20027200000000012e+05
10 10000.85 3.20027200000000012e+05
11 10000.85 3.20027200000000012e+05
12 10000.85 3.20027199999999953e+05
13 10000.85 3.20027200000000012e+05
14 10000.85 3.20027200000000012e+05
15 10000.85 3.20027200000000012e+05
16 10000.85 3.20027200000000012e+05
17 10000.85 3.20027200000000012e+05
18 10000.85 3.20027200000000012e+05
19 10000.85 3.20027200000000012e+05
20 10000.85 3.20027200000000012e+05
1 10000.86 3.20027519999999960e+05
2 10000.86 3.20027520000000019e+05
3 10000.86 3.20027519999999960e+05
4 10000.86 3.20027520000000019e+05
5 10000.86 3.20027520000000019e+05
6 10000.86 3.20027520000000077e+05
7 10000.86 3.20027520000000019e+05
8 10000.86 3.20027519999999960e+05
9 10000.86 3.20027520000000019e+05
10 10000.86 3.20027520000000019e+05
11 10000.86 3.20027519999999960e+05
12 10000.86 3.20027520000000019e+05
13 10000.86 3.20027520000000019e+05
14 10000.86 3.20027519999999960e+05
15 10000.86 3.20027520000000077e+05
16 10000.86 3.20027519999999960e+05
17 10000.86 3.20027519999999960e+05
18 10000.86 3.20027519999999960e+05
19 10000.86 3.20027519999999960e+05
20 10000.86 3.20027520000000077e+05
1 10000.87 3.20027840000000084e+05
2 10000.87 3.20027840000000026e+05
3 10000.87 3.20027840000000026e+05
4 10000.87 3.20027840000000026e+05
5 10000.87 3.20027840000000026e+05
6 10000.87 3.20027840000000026e+05
7 10000.87 3.20027840000000084e+05
8 10000.87 3.20027840000000026e+05
9 10000.87 3.20027839999999967e+05
10 10000.87 3.20027840000000026e+05
11 10000.87 3.20027840000000026e+05
12 10000.87 3.20027840000000084e+05
13 10000.87 3.20027840000000084e+05
14 10000.87 3.20027840000000026e+05
15 10000.87 3.20027840000000026e+05
16 10000.87 3.20027840000000026e+05
17 10000.87 3.20027840000000026e+05
18 10000.87 3.20027840000000026e+05
19 10000.87 3.20027840000000026e+05
20 10000.87 3.20027840000000026e+05
1 10000.88 3.20028159999999974e+05
2 10000.88 3.20028159999999916e+05
3 10000.88 3.20028159999999974e+05
4 10000.88 3.20028159999999974e+05
5 10000.88 3.20028159999999974e+05
6 10000.88 3.20028159999999974e+05
7 10000.88 3.20028159999999916e+05
8 10000.88 3.20028160000000033e+05
9 10000.88 3.20028159999999974e+05
10 10000.88 3.20028159999999974e+05
11 10000.88 3.20028159999999974e+05
12 10000.88 3.20028159999999916e+05
13 10000.88 3.20028159999999974e+05
14 10000.88 3.20028159999999974e+05
15 10000.88 3.20028159999999974e+05
16 10000.88 3.20028159999999974e+05
17 10000.88 3.20028159999999974e+05
18 10000.88 3.20028159999999974e+05
19 10000.88 3.20028159999999974e+05
20 10000.88 3.20028159999999974e+05
1 10000.89 3.20028479999999981e+05
2 10000.89 3.20028479999999981e+05
3 10000.89 3.20028479999999923e+05
4 10000.89 3.20028479999999923e+05
5 10000.89 3.20028479999999981e+05
6 10000.89 3.20028479999999981e+05
7 10000.89 3.20028479999999981e+05
8 10000.89 3.20028479999999981e+05
9 10000.89 3.20028479999999981e+05
10 10000.89 3.20028479999999981e+05
11 10000.89 3.20028479999999981e+05
12 10000.89 3.20028480000000040e+05
13 10000.89 3.20028479999999981e+05
14 10000.89 3.20028479999999981e+05
15 10000.89 3.20028480000000040e+05
16 10000.89 3.20028479999999923e+05
17 10000.89 3.20028479999999923e+05
18 10000.89 3.20028479999999981e+05
19 10000.89 3.20028479999999981e+05
20 10000.89 3.20028479999999981e+05
1 10000.90 3.20028800000000047e+05
2 10000.90 3.20028800000000047e+05
3 10000.90 3.20028800000000047e+05
4 10000.90 3.20028799999999930e+05
5 10000.90 3.20028799999999988e+05
6 10000.90 3.20028799999999988e+05
7 10000.90 3.20028799999999988e+05
8 10000.90 3.20028800000000047e+05
9 10000.90 3.20028799999999988e+05
10 10000.90 3.20028799999999988e+05
11 10000.90 3.20028799999999988e+05
12 10000.90 3.20028799999999988e+05
13 10000.90 3.20028799999999930e+05
14 10000.90 3.20028799999999988e+05
15 10000.90 3.20028799999999988e+05
16 10000.90 3.20028799999999988e+05
17 10000.90 3.20028800000000047e+05
18 10000.90 3.20028800000000047e+05
19 10000.90 3.20028799999999988e+05
20 10000.90 3.20028799999999988e+05
1 10000.91 3.20029120000000054e+05
2 10000.91 3.20029119999999995e+05
3 10000.91 3.20029119999999937e+05
4 10000.91 3.20029119999999995e+05
5 10000.91 3.20029119999999995e+05
6 10000.91 3.20029119999999937e+05
7 10000.91 3.20029119999999937e+05
8 10000.91 3.20029119999999995e+05
9 10000.91 3.20029120000000054e+05
10 10000.91 3.20029119999999995e+05
11 10000.91 3.20029120000000054e+05
12 10000.91 3.20029119999999937e+05
13 10000.91 3.20029120000000054e+05
14 10000.91 3.20029119999999995e+05
15 10000.91 3.20029119999999937e+05
16 10000.91 3.20029120000000054e+05
17 10000.91 3.20029119999999995e+05
18 10000.91 3.20029119999999995e+05
19 10000.91 3.20029120000000054e+05
20 10000.91 3.20029119999999995e+05
1 10000.92 3.20029440000000061e+05
2 10000.92 3.20029440000000002e+05
3 10000.92 3.20029440000000002e+05
4 10000.92 3.20029440000000002e+05
5 10000.92 3.20029440000000002e+05
6 10000.92 3.20029440000000002e+05
7 10000.92 3.20029440000000002e+05
8 10000.92 3.20029440000000002e+05
9 10000.92 3.20029440000000002e+05
10 10000.92 3.20029440000000002e+05
11 10000.92 3.20029440000000002e+05
12 10000.92 3.20029440000000002e+05
13 10000.92 3.20029439999999944e+05
14 10000.92 3.20029439999999944e+05
15 10000.92 3.20029440000000002e+05
16 10000.92 3.20029440000000002e+05
17 10000.92 3.20029440000000002e+05
18 10000.92 3.20029440000000002e+05
19 10000.92 3.20029439999999944e+05
20 10000.92 3.20029440000000119e+05
1 10000.93 3.20029760000000009e+05
2 10000.93 3.20029760000000009e+05
3 10000.93 3.20029760000000068e+05
4 10000.93 3.20029760000000009e+05
5 10000.93 3.20029760000000068e+05
6 10000.93 3.20029760000000068e+05
7 10000.93 3.20029760000000068e+05
8 10000.93 3.20029759999999951e+05
9 10000.93 3.20029760000000068e+05
10 10000.93 3.20029760000000009e+05
11 10000.93 3.20029760000000009e+05
12 10000.93 3.20029760000000009e+05
13 10000.93 3.20029760000000009e+05
14 10000.93 3.20029760000000009e+05
15 10000.93 3.20029759999999951e+05
16 10000.93 3.20029760000000009e+05
17 10000.93 3.20029760000000068e+05
18 10000.93 3.20029760000000009e+05
19 10000.93 3.20029760000000009e+05
20 10000.93 3.20029759999999951e+05
1 10000.94 3.20030080000000016e+05
2 10000.94 3.20030080000000016e+05
3 10000.94 3.20030080000000016e+05
4 10000.94 3.20030080000000016e+05
5 10000.94 3.20030080000000016e+05
6 10000.94 3.20030080000000016e+05
7 10000.94 3.20030080000000075e+05
8 10000.94 3.20030080000000016e+05
9 10000.94 3.20030080000000016e+05
10 10000.94 3.20030080000000075e+05
11 10000.94 3.20030080000000016e+05
12 10000.94 3.20030080000000016e+05
13 10000.94 3.20030080000000016e+05
14 10000.94 3.20030080000000016e+05
15 10000.94 3.20030080000000016e+05
16 10000.94 3.20030080000000016e+05
17 10000.94 3.20030080000000075e+05
18 10000.94 3.20030080000000075e+05
19 10000.94 3.20030080000000075e+05
20 10000.94 3.20030080000000075e+05
1 10000.95 3.20030400000000023e+05
2 10000.95 3.20030400000000023e+05
3 10000.95 3.20030400000000023e+05
4 10000.95 3.20030400000000023e+05
5 10000.95 3.20030400000000023e+05
6 10000.95 3.20030399999999965e+05
7 10000.95 3.20030400000000081e+05
8 10000.95 3.20030399999999965e+05
9 10000.95 3.20030399999999965e+05
10 10000.95 3.20030399999999965e+05
11 10000.95 3.20030400000000081e+05
12 10000.95 3.20030400000000081e+05
13 10000.95 3.20030400000000023e+05
14 10000.95 3.20030400000000023e+05
15 10000.95 3.20030400000000023e+05
16 10000.95 3.20030400000000081e+05
17 10000.95 3.20030400000000023e+05
18 10000.95 3.20030400000000023e+05
19 10000.95 3.20030400000000023e+05
20 10000.95 3.20030400000000023e+05
1 10000.96 3.20030719999999972e+05
2 10000.96 3.20030719999999914e+05
3 10000.96 3.20030719999999914e+05
4 10000.96 3.20030719999999972e+05
5 10000.96 3.20030719999999972e+05
6 10000.96 3.20030719999999914e+05
7 10000.96 3.20030719999999972e+05
8 10000.96 3.20030719999999972e+05
9 10000.96 3.20030719999999972e+05
10 10000.96 3.20030719999999972e+05
11 10000.96 3.20030719999999972e+05
12 10000.96 3.20030719999999972e+05
13 10000.96 3.20030719999999972e+05
14 10000.96 3.20030719999999972e+05
15 10000.96 3.20030719999999972e+05
16 10000.96 3.20030720000000088e+05
17 10000.96 3.20030719999999914e+05
18 10000.96 3.20030719999999972e+05
19 10000.96 3.20030720000000030e+05
20 10000.96 3.20030719999999972e+05
1 10000.97 3.20031039999999979e+05
2 10000.97 3.20031039999999979e+05
3 10000.97 3.20031039999999979e+05
4 10000.97 3.20031039999999979e+05
5 10000.97 3.20031039999999979e+05
6 10000.97 3.20031039999999921e+05
7 10000.97 3.20031040000000037e+05
8 10000.97 3.20031039999999979e+05
9 10000.97 3.20031039999999979e+05
10 10000.97 3.20031039999999921e+05
11 10000.97 3.20031040000000037e+05
12 10000.97 3.20031039999999979e+05
13 10000.97 3.20031039999999979e+05
14 10000.97 3.20031039999999979e+05
15 10000.97 3.20031039999999921e+05
16 10000.97 3.20031039999999979e+05
17 10000.97 3.20031039999999979e+05
18 10000.97 3.20031039999999979e+05
19 10000.97 3.20031039999999979e+05
20 10000.97 3.20031039999999979e+05
1 10000.98 3.20031359999999928e+05
2 10000.98 3.20031359999999986e+05
3 10000.98 3.20031359999999928e+05
4 10000.98 3.20031360000000044e+05
5 10000.98 3.20031359999999928e+05
6 10000.98 3.20031359999999986e+05
7 10000.98 3.20031360000000044e+05
8 10000.98 3.20031359999999928e+05
9 10000.98 3.20031359999999986e+05
10 10000.98 3.20031359999999986e+05
11 10000.98 3.20031360000000044e+05
12 10000.98 3.20031359999999986e+05
13 10000.98 3.20031359999999928e+05
14 10000.98 3.20031359999999986e+05
15 10000.98 3.20031359999999928e+05
16 10000.98 3.20031359999999986e+05
17 10000.98 3.20031359999999986e+05
18 10000.98 3.20031360000000044e+05
19 10000.98 3.20031360000000044e+05
20 10000.98 3.20031359999999986e+05
1 10000.99 3.20031679999999935e+05
2 10000.99 3.20031680000000051e+05
3 10000.99 3.20031680000000051e+05
4 10000.99 3.20031679999999935e+05
5 10000.99 3.20031679999999935e+05
6 10000.99 3.20031679999999993e+05
7 10000.99 3.20031679999999935e+05
8 10000.99 3.20031679999999993e+05
9 10000.99 3.20031680000000051e+05
10 10000.99 3.20031679999999935e+05
11 10000.99 3.20031679999999993e+05
12 10000.99 3.20031679999999935e+05
13 10000.99 3.20031679999999993e+05
14 10000.99 3.20031680000000051e+05
15 10000.99 3.20031680000000051e+05
16 10000.99 3.20031680000000051e+05
17 10000.99 3.20031679999999993e+05
18 10000.99 3.20031679999999993e+05
19 10000.99 3.20031679999999993e+05
20 10000.99 3.20031679999999993e+05
1 10001.00 3.20032000000000058e+05
2 10001.00 3.20031999999999942e+05
3 10001.00 3.20031999999999942e+05
4 10001.00 3.20032000000000000e+05
5 10001.00 3.20032000000000058e+05
6 10001.00 3.20032000000000000e+05
7 10001.00 3.20032000000000058e+05
8 10001.00 3.20032000000000000e+05
9 10001.00 3.20032000000000000e+05
10 10001.00 3.20032000000000000e+05
11 10001.00 3.20031999999999942e+05
12 10001.00 3.20032000000000058e+05
13 10001.00 3.20031999999999942e+05
14 10001.00 3.20032000000000000e+05
15 10001.00 3.20032000000000000e+05
16 10001.00 3.20032000000000000e+05
17 10001.00 3.20032000000000058e+05
18 10001.00 3.20032000000000000e+05
19 10001.00 3.20032000000000000e+05
20 10001.00 3.20032000000000000e+05
