# Verificarlo Analysis for parallel_3
# Source: parallel_3.c
# Type: DOUBLE, Precision: 53, Mode: mca
# Range: [10000:0.01:10001], Iterations: 20
i x result
1 10000.00 8.00000000000000000e+04
2 10000.00 8.00000000000000000e+04
3 10000.00 8.00000000000000000e+04
4 10000.00 8.00000000000000146e+04
5 10000.00 8.00000000000000000e+04
6 10000.00 8.00000000000000000e+04
7 10000.00 8.00000000000000000e+04
8 10000.00 8.00000000000000000e+04
9 10000.00 8.00000000000000000e+04
10 10000.00 8.00000000000000000e+04
11 10000.00 7.99999999999999854e+04
12 10000.00 8.00000000000000000e+04
13 10000.00 8.00000000000000000e+04
14 10000.00 8.00000000000000000e+04
15 10000.00 8.00000000000000146e+04
16 10000.00 8.00000000000000000e+04
17 10000.00 7.99999999999999854e+04
18 10000.00 8.00000000000000000e+04
19 10000.00 7.99999999999999854e+04
20 10000.00 7.99999999999999854e+04
1 10000.01 8.00000800000000017e+04
2 10000.01 8.00000800000000017e+04
3 10000.01 8.00000800000000017e+04
4 10000.01 8.00000800000000017e+04
5 10000.01 8.00000800000000017e+04
6 10000.01 8.00000799999999872e+04
7 10000.01 8.00000800000000017e+04
8 10000.01 8.00000800000000017e+04
9 10000.01 8.00000800000000017e+04
10 10000.01 8.00000800000000309e+04
11 10000.01 8.00000800000000017e+04
12 10000.01 8.00000800000000017e+04
13 10000.01 8.00000799999999872e+04
14 10000.01 8.00000800000000017e+04
15 10000.01 8.00000800000000163e+04
16 10000.01 8.00000800000000017e+04
17 10000.01 8.00000800000000017e+04
18 10000.01 8.00000800000000017e+04
19 10000.01 8.00000800000000017e+04
20 10000.01 8.00000800000000017e+04
1 10000.02 8.00001600000000035e+04
2 10000.02 8.00001600000000035e+04
3 10000.02 8.00001600000000180e+04
4 10000.02 8.00001600000000035e+04
5 10000.02 8.00001600000000180e+04
6 10000.02 8.00001600000000035e+04
7 10000.02 8.00001600000000180e+04
8 10000.02 8.00001600000000180e+04
9 10000.02 8.00001600000000035e+04
10 10000.02 8.00001600000000180e+04
11 10000.02 8.00001600000000180e+04
12 10000.02 8.00001600000000035e+04
13 10000.02 8.00001600000000035e+04
14 10000.02 8.00001599999999889e+04
15 10000.02 8.00001600000000035e+04
16 10000.02 8.00001600000000035e+04
17 10000.02 8.00001600000000035e+04
18 10000.02 8.00001600000000180e+04
19 10000.02 8.00001600000000180e+04
20 10000.02 8.00001600000000035e+04
1 10000.03 8.00002399999999907e+04
2 10000.03 8.00002400000000052e+04
3 10000.03 8.00002400000000052e+04
4 10000.03 8.00002400000000052e+04
5 10000.03 8.00002400000000052e+04
6 10000.03 8.00002400000000198e+04
7 10000.03 8.00002400000000052e+04
8 10000.03 8.00002400000000052e+04
9 10000.03 8.00002400000000052e+04
10 10000.03 8.00002400000000052e+04
11 10000.03 8.00002400000000052e+04
12 10000.03 8.00002399999999907e+04
13 10000.03 8.00002400000000052e+04
14 10000.03 8.00002400000000052e+04
15 10000.03 8.00002400000000052e+04
16 10000.03 8.00002399999999907e+04
17 10000.03 8.00002400000000198e+04
18 10000.03 8.00002400000000198e+04
19 10000.03 8.00002400000000052e+04
20 10000.03 8.00002399999999907e+04
1 10000.04 8.00003199999999924e+04
2 10000.04 8.00003200000000215e+04
3 10000.04 8.00003200000000070e+04
4 10000.04 8.00003200000000215e+04
5 10000.04 8.00003200000000070e+04
6 10000.04 8.00003199999999924e+04
7 10000.04 8.00003199999999924e+04
8 10000.04 8.00003200000000070e+04
9 10000.04 8.00003200000000070e+04
10 10000.04 8.00003199999999924e+04
11 10000.04 8.00003200000000215e+04
12 10000.04 8.00003200000000070e+04
13 10000.04 8.00003200000000070e+04
14 10000.04 8.00003200000000070e+04
15 10000.04 8.00003199999999924e+04
16 10000.04 8.00003200000000070e+04
17 10000.04 8.00003200000000070e+04
18 10000.04 8.00003200000000070e+04
19 10000.04 8.00003200000000070e+04
20 10000.04 8.00003200000000070e+04
1 10000.05 8.00003999999999796e+04
2 10000.05 8.00003999999999942e+04
3 10000.05 8.00003999999999942e+04
4 10000.05 8.00003999999999942e+04
5 10000.05 8.00003999999999942e+04
6 10000.05 8.00003999999999942e+04
7 10000.05 8.00003999999999796e+04
8 10000.05 8.00003999999999942e+04
9 10000.05 8.00003999999999942e+04
10 10000.05 8.00004000000000087e+04
11 10000.05 8.00003999999999942e+04
12 10000.05 8.00003999999999796e+04
13 10000.05 8.00003999999999942e+04
14 10000.05 8.00003999999999796e+04
15 10000.05 8.00003999999999942e+04
16 10000.05 8.00003999999999942e+04
17 10000.05 8.00004000000000087e+04
18 10000.05 8.00003999999999942e+04
19 10000.05 8.00003999999999942e+04
20 10000.05 8.00003999999999942e+04
1 10000.06 8.00004799999999959e+04
2 10000.06 8.00004799999999959e+04
3 10000.06 8.00004799999999959e+04
4 10000.06 8.00004799999999959e+04
5 10000.06 8.00004799999999959e+04
6 10000.06 8.00004799999999959e+04
7 10000.06 8.00004799999999959e+04
8 10000.06 8.00004799999999959e+04
9 10000.06 8.00004799999999814e+04
10 10000.06 8.00004799999999814e+04
11 10000.06 8.00004799999999959e+04
12 10000.06 8.00004799999999959e+04
13 10000.06 8.00004799999999959e+04
14 10000.06 8.00004799999999959e+04
15 10000.06 8.00004799999999959e+04
16 10000.06 8.00004799999999959e+04
17 10000.06 8.00004799999999959e+04
18 10000.06 8.00004799999999959e+04
19 10000.06 8.00004799999999959e+04
20 10000.06 8.00004799999999959e+04
1 10000.07 8.00005599999999977e+04
2 10000.07 8.00005600000000122e+04
3 10000.07 8.00005599999999977e+04
4 10000.07 8.00005599999999977e+04
5 10000.07 8.00005599999999831e+04
6 10000.07 8.00005599999999977e+04
7 10000.07 8.00005599999999977e+04
8 10000.07 8.00005599999999977e+04
9 10000.07 8.00005599999999977e+04
10 10000.07 8.00005599999999977e+04
11 10000.07 8.00005599999999977e+04
12 10000.07 8.00005599999999977e+04
13 10000.07 8.00005599999999977e+04
14 10000.07 8.00005599999999831e+04
15 10000.07 8.00005599999999977e+04
16 10000.07 8.00005599999999977e+04
17 10000.07 8.00005599999999831e+04
18 10000.07 8.00005599999999977e+04
19 10000.07 8.00005599999999977e+04
20 10000.07 8.00005599999999977e+04
1 10000.08 8.00006399999999994e+04
2 10000.08 8.00006399999999994e+04
3 10000.08 8.00006399999999849e+04
4 10000.08 8.00006399999999994e+04
5 10000.08 8.00006400000000140e+04
6 10000.08 8.00006400000000140e+04
7 10000.08 8.00006399999999994e+04
8 10000.08 8.00006400000000140e+04
9 10000.08 8.00006399999999994e+04
10 10000.08 8.00006399999999994e+04
11 10000.08 8.00006399999999994e+04
12 10000.08 8.00006399999999994e+04
13 10000.08 8.00006399999999994e+04
14 10000.08 8.00006399999999849e+04
15 10000.08 8.00006399999999849e+04
16 10000.08 8.00006399999999994e+04
17 10000.08 8.00006399999999994e+04
18 10000.08 8.00006399999999994e+04
19 10000.08 8.00006399999999994e+04
20 10000.08 8.00006399999999994e+04
1 10000.09 8.00007199999999866e+04
2 10000.09 8.00007200000000012e+04
3 10000.09 8.00007200000000157e+04
4 10000.09 8.00007199999999866e+04
5 10000.09 8.00007200000000012e+04
6 10000.09 8.00007200000000157e+04
7 10000.09 8.00007200000000012e+04
8 10000.09 8.00007200000000012e+04
9 10000.09 8.00007200000000012e+04
10 10000.09 8.00007199999999866e+04
11 10000.09 8.00007200000000012e+04
12 10000.09 8.00007199999999866e+04
13 10000.09 8.00007200000000012e+04
14 10000.09 8.00007199999999866e+04
15 10000.09 8.00007200000000012e+04
16 10000.09 8.00007200000000012e+04
17 10000.09 8.00007200000000012e+04
18 10000.09 8.00007200000000157e+04
19 10000.09 8.00007200000000012e+04
20 10000.09 8.00007199999999866e+04
1 10000.10 8.00008000000000029e+04
2 10000.10 8.00008000000000029e+04
3 10000.10 8.00008000000000029e+04
4 10000.10 8.00008000000000175e+04
5 10000.10 8.00008000000000029e+04
6 10000.10 8.00008000000000029e+04
7 10000.10 8.00008000000000029e+04
8 10000.10 8.00008000000000029e+04
9 10000.10 8.00008000000000175e+04
10 10000.10 8.00008000000000029e+04
11 10000.10 8.00007999999999884e+04
12 10000.10 8.00008000000000029e+04
13 10000.10 8.00008000000000029e+04
14 10000.10 8.00008000000000029e+04
15 10000.10 8.00008000000000175e+04
16 10000.10 8.00007999999999884e+04
17 10000.10 8.00008000000000029e+04
18 10000.10 8.00008000000000175e+04
19 10000.10 8.00008000000000029e+04
20 10000.10 8.00007999999999884e+04
1 10000.11 8.00008800000000047e+04
2 10000.11 8.00008800000000047e+04
3 10000.11 8.00008800000000047e+04
4 10000.11 8.00008800000000047e+04
5 10000.11 8.00008800000000192e+04
6 10000.11 8.00008800000000047e+04
7 10000.11 8.00008800000000047e+04
8 10000.11 8.00008800000000047e+04
9 10000.11 8.00008799999999901e+04
10 10000.11 8.00008800000000047e+04
11 10000.11 8.00008799999999901e+04
12 10000.11 8.00008800000000047e+04
13 10000.11 8.00008800000000047e+04
14 10000.11 8.00008800000000047e+04
15 10000.11 8.00008800000000047e+04
16 10000.11 8.00008800000000047e+04
17 10000.11 8.00008800000000047e+04
18 10000.11 8.00008800000000192e+04
19 10000.11 8.00008800000000047e+04
20 10000.11 8.00008800000000192e+04
1 10000.12 8.00009600000000064e+04
2 10000.12 8.00009600000000064e+04
3 10000.12 8.00009600000000064e+04
4 10000.12 8.00009600000000064e+04
5 10000.12 8.00009600000000064e+04
6 10000.12 8.00009600000000064e+04
7 10000.12 8.00009600000000064e+04
8 10000.12 8.00009599999999919e+04
9 10000.12 8.00009600000000064e+04
10 10000.12 8.00009600000000064e+04
11 10000.12 8.00009599999999919e+04
12 10000.12 8.00009599999999919e+04
13 10000.12 8.00009600000000064e+04
14 10000.12 8.00009600000000064e+04
15 10000.12 8.00009600000000064e+04
16 10000.12 8.00009599999999919e+04
17 10000.12 8.00009599999999919e+04
18 10000.12 8.00009600000000064e+04
19 10000.12 8.00009600000000064e+04
20 10000.12 8.00009600000000210e+04
1 10000.13 8.00010399999999936e+04
2 10000.13 8.00010399999999936e+04
3 10000.13 8.00010399999999936e+04
4 10000.13 8.00010399999999936e+04
5 10000.13 8.00010399999999936e+04
6 10000.13 8.00010399999999936e+04
7 10000.13 8.00010399999999790e+04
8 10000.13 8.00010399999999790e+04
9 10000.13 8.00010399999999936e+04
10 10000.13 8.00010399999999936e+04
11 10000.13 8.00010400000000081e+04
12 10000.13 8.00010400000000081e+04
13 10000.13 8.00010399999999936e+04
14 10000.13 8.00010400000000081e+04
15 10000.13 8.00010399999999936e+04
16 10000.13 8.00010400000000081e+04
17 10000.13 8.00010399999999936e+04
18 10000.13 8.00010399999999936e+04
19 10000.13 8.00010399999999936e+04
20 10000.13 8.00010400000000081e+04
1 10000.14 8.00011199999999953e+04
2 10000.14 8.00011199999999953e+04
3 10000.14 8.00011199999999953e+04
4 10000.14 8.00011200000000099e+04
5 10000.14 8.00011199999999808e+04
6 10000.14 8.00011200000000099e+04
7 10000.14 8.00011199999999953e+04
8 10000.14 8.00011200000000099e+04
9 10000.14 8.00011200000000099e+04
10 10000.14 8.00011199999999953e+04
11 10000.14 8.00011199999999953e+04
12 10000.14 8.00011199999999953e+04
13 10000.14 8.00011200000000099e+04
14 10000.14 8.00011199999999953e+04
15 10000.14 8.00011199999999808e+04
16 10000.14 8.00011199999999953e+04
17 10000.14 8.00011199999999953e+04
18 10000.14 8.00011199999999953e+04
19 10000.14 8.00011199999999953e+04
20 10000.14 8.00011200000000099e+04
1 10000.15 8.00011999999999971e+04
2 10000.15 8.00011999999999971e+04
3 10000.15 8.00011999999999971e+04
4 10000.15 8.00011999999999971e+04
5 10000.15 8.00012000000000116e+04
6 10000.15 8.00011999999999971e+04
7 10000.15 8.00011999999999971e+04
8 10000.15 8.00012000000000116e+04
9 10000.15 8.00011999999999971e+04
10 10000.15 8.00011999999999971e+04
11 10000.15 8.00011999999999971e+04
12 10000.15 8.00012000000000116e+04
13 10000.15 8.00011999999999971e+04
14 10000.15 8.00011999999999971e+04
15 10000.15 8.00011999999999971e+04
16 10000.15 8.00012000000000116e+04
17 10000.15 8.00012000000000116e+04
18 10000.15 8.00011999999999971e+04
19 10000.15 8.00011999999999971e+04
20 10000.15 8.00011999999999971e+04
1 10000.16 8.00012799999999988e+04
2 10000.16 8.00012799999999988e+04
3 10000.16 8.00012799999999988e+04
4 10000.16 8.00012799999999843e+04
5 10000.16 8.00012799999999843e+04
6 10000.16 8.00012799999999988e+04
7 10000.16 8.00012799999999988e+04
8 10000.16 8.00012800000000134e+04
9 10000.16 8.00012799999999988e+04
10 10000.16 8.00012799999999988e+04
11 10000.16 8.00012799999999988e+04
12 10000.16 8.00012799999999988e+04
13 10000.16 8.00012800000000134e+04
14 10000.16 8.00012799999999843e+04
15 10000.16 8.00012799999999988e+04
16 10000.16 8.00012799999999988e+04
17 10000.16 8.00012799999999843e+04
18 10000.16 8.00012800000000134e+04
19 10000.16 8.00012799999999988e+04
20 10000.16 8.00012799999999988e+04
1 10000.17 8.00013600000000006e+04
2 10000.17 8.00013600000000006e+04
3 10000.17 8.00013600000000006e+04
4 10000.17 8.00013600000000006e+04
5 10000.17 8.00013600000000006e+04
6 10000.17 8.00013600000000006e+04
7 10000.17 8.00013600000000006e+04
8 10000.17 8.00013600000000006e+04
9 10000.17 8.00013600000000006e+04
10 10000.17 8.00013600000000151e+04
11 10000.17 8.00013600000000006e+04
12 10000.17 8.00013600000000006e+04
13 10000.17 8.00013600000000006e+04
14 10000.17 8.00013600000000006e+04
15 10000.17 8.00013600000000006e+04
16 10000.17 8.00013600000000151e+04
17 10000.17 8.00013599999999860e+04
18 10000.17 8.00013600000000006e+04
19 10000.17 8.00013600000000006e+04
20 10000.17 8.00013600000000006e+04
1 10000.18 8.00014400000000023e+04
2 10000.18 8.00014400000000023e+04
3 10000.18 8.00014400000000023e+04
4 10000.18 8.00014400000000023e+04
5 10000.18 8.00014400000000023e+04
6 10000.18 8.00014400000000023e+04
7 10000.18 8.00014400000000023e+04
8 10000.18 8.00014400000000169e+04
9 10000.18 8.00014400000000023e+04
10 10000.18 8.00014400000000023e+04
11 10000.18 8.00014400000000023e+04
12 10000.18 8.00014400000000023e+04
13 10000.18 8.00014400000000023e+04
14 10000.18 8.00014400000000023e+04
15 10000.18 8.00014400000000023e+04
16 10000.18 8.00014400000000169e+04
17 10000.18 8.00014400000000023e+04
18 10000.18 8.00014400000000023e+04
19 10000.18 8.00014400000000023e+04
20 10000.18 8.00014400000000169e+04
1 10000.19 8.00015200000000041e+04
2 10000.19 8.00015199999999895e+04
3 10000.19 8.00015200000000041e+04
4 10000.19 8.00015200000000041e+04
5 10000.19 8.00015200000000186e+04
6 10000.19 8.00015200000000041e+04
7 10000.19 8.00015200000000041e+04
8 10000.19 8.00015200000000041e+04
9 10000.19 8.00015200000000041e+04
10 10000.19 8.00015199999999895e+04
11 10000.19 8.00015200000000041e+04
12 10000.19 8.00015200000000041e+04
13 10000.19 8.00015199999999895e+04
14 10000.19 8.00015199999999895e+04
15 10000.19 8.00015200000000041e+04
16 10000.19 8.00015200000000041e+04
17 10000.19 8.00015200000000041e+04
18 10000.19 8.00015200000000041e+04
19 10000.19 8.00015200000000041e+04
20 10000.19 8.00015200000000186e+04
1 10000.20 8.00016000000000058e+04
2 10000.20 8.00016000000000058e+04
3 10000.20 8.00016000000000058e+04
4 10000.20 8.00016000000000058e+04
5 10000.20 8.00016000000000058e+04
6 10000.20 8.00016000000000058e+04
7 10000.20 8.00016000000000058e+04
8 10000.20 8.00016000000000204e+04
9 10000.20 8.00016000000000058e+04
10 10000.20 8.00016000000000058e+04
11 10000.20 8.00016000000000058e+04
12 10000.20 8.00016000000000058e+04
13 10000.20 8.00015999999999913e+04
14 10000.20 8.00016000000000058e+04
15 10000.20 8.00016000000000058e+04
16 10000.20 8.00016000000000058e+04
17 10000.20 8.00015999999999913e+04
18 10000.20 8.00016000000000204e+04
19 10000.20 8.00016000000000058e+04
20 10000.20 8.00015999999999913e+04
1 10000.21 8.00016799999999930e+04
2 10000.21 8.00016800000000076e+04
3 10000.21 8.00016799999999930e+04
4 10000.21 8.00016799999999930e+04
5 10000.21 8.00016799999999930e+04
6 10000.21 8.00016799999999930e+04
7 10000.21 8.00016799999999930e+04
8 10000.21 8.00016799999999930e+04
9 10000.21 8.00016799999999930e+04
10 10000.21 8.00016799999999930e+04
11 10000.21 8.00016799999999930e+04
12 10000.21 8.00016799999999785e+04
13 10000.21 8.00016799999999930e+04
14 10000.21 8.00016799999999930e+04
15 10000.21 8.00016799999999930e+04
16 10000.21 8.00016799999999930e+04
17 10000.21 8.00016800000000076e+04
18 10000.21 8.00016799999999930e+04
19 10000.21 8.00016799999999930e+04
20 10000.21 8.00016799999999785e+04
1 10000.22 8.00017599999999948e+04
2 10000.22 8.00017599999999948e+04
3 10000.22 8.00017599999999948e+04
4 10000.22 8.00017599999999948e+04
5 10000.22 8.00017599999999948e+04
6 10000.22 8.00017599999999948e+04
7 10000.22 8.00017600000000093e+04
8 10000.22 8.00017599999999948e+04
9 10000.22 8.00017599999999948e+04
10 10000.22 8.00017599999999948e+04
11 10000.22 8.00017600000000093e+04
12 10000.22 8.00017599999999948e+04
13 10000.22 8.00017599999999948e+04
14 10000.22 8.00017600000000093e+04
15 10000.22 8.00017599999999948e+04
16 10000.22 8.00017599999999802e+04
17 10000.22 8.00017599999999948e+04
18 10000.22 8.00017600000000093e+04
19 10000.22 8.00017599999999948e+04
20 10000.22 8.00017599999999948e+04
1 10000.23 8.00018399999999965e+04
2 10000.23 8.00018399999999820e+04
3 10000.23 8.00018399999999965e+04
4 10000.23 8.00018400000000111e+04
5 10000.23 8.00018399999999965e+04
6 10000.23 8.00018399999999965e+04
7 10000.23 8.00018399999999965e+04
8 10000.23 8.00018399999999820e+04
9 10000.23 8.00018399999999965e+04
10 10000.23 8.00018400000000111e+04
11 10000.23 8.00018399999999965e+04
12 10000.23 8.00018399999999965e+04
13 10000.23 8.00018399999999965e+04
14 10000.23 8.00018399999999965e+04
15 10000.23 8.00018399999999820e+04
16 10000.23 8.00018399999999965e+04
17 10000.23 8.00018399999999965e+04
18 10000.23 8.00018399999999965e+04
19 10000.23 8.00018399999999965e+04
20 10000.23 8.00018399999999820e+04
1 10000.24 8.00019199999999983e+04
2 10000.24 8.00019199999999837e+04
3 10000.24 8.00019199999999983e+04
4 10000.24 8.00019199999999983e+04
5 10000.24 8.00019199999999983e+04
6 10000.24 8.00019199999999837e+04
7 10000.24 8.00019199999999983e+04
8 10000.24 8.00019199999999983e+04
9 10000.24 8.00019199999999983e+04
10 10000.24 8.00019199999999983e+04
11 10000.24 8.00019199999999983e+04
12 10000.24 8.00019199999999983e+04
13 10000.24 8.00019199999999983e+04
14 10000.24 8.00019200000000128e+04
15 10000.24 8.00019199999999837e+04
16 10000.24 8.00019199999999837e+04
17 10000.24 8.00019199999999983e+04
18 10000.24 8.00019199999999983e+04
19 10000.24 8.00019199999999837e+04
20 10000.24 8.00019199999999983e+04
1 10000.25 8.00020000000000146e+04
2 10000.25 8.00019999999999854e+04
3 10000.25 8.00020000000000000e+04
4 10000.25 8.00020000000000000e+04
5 10000.25 8.00020000000000000e+04
6 10000.25 8.00020000000000146e+04
7 10000.25 8.00019999999999854e+04
8 10000.25 8.00020000000000000e+04
9 10000.25 8.00020000000000000e+04
10 10000.25 8.00019999999999854e+04
11 10000.25 8.00020000000000000e+04
12 10000.25 8.00020000000000000e+04
13 10000.25 8.00020000000000000e+04
14 10000.25 8.00020000000000000e+04
15 10000.25 8.00020000000000146e+04
16 10000.25 8.00020000000000000e+04
17 10000.25 8.00020000000000000e+04
18 10000.25 8.00020000000000146e+04
19 10000.25 8.00020000000000000e+04
20 10000.25 8.00019999999999854e+04
1 10000.26 8.00020800000000017e+04
2 10000.26 8.00020800000000017e+04
3 10000.26 8.00020800000000017e+04
4 10000.26 8.00020800000000017e+04
5 10000.26 8.00020800000000017e+04
6 10000.26 8.00020800000000017e+04
7 10000.26 8.00020800000000017e+04
8 10000.26 8.00020800000000163e+04
9 10000.26 8.00020800000000017e+04
10 10000.26 8.00020800000000017e+04
11 10000.26 8.00020799999999872e+04
12 10000.26 8.00020800000000017e+04
13 10000.26 8.00020800000000017e+04
14 10000.26 8.00020800000000163e+04
15 10000.26 8.00020800000000017e+04
16 10000.26 8.00020799999999872e+04
17 10000.26 8.00020799999999872e+04
18 10000.26 8.00020800000000017e+04
19 10000.26 8.00020800000000017e+04
20 10000.26 8.00020799999999872e+04
1 10000.27 8.00021600000000035e+04
2 10000.27 8.00021600000000035e+04
3 10000.27 8.00021600000000035e+04
4 10000.27 8.00021599999999889e+04
5 10000.27 8.00021600000000035e+04
6 10000.27 8.00021600000000035e+04
7 10000.27 8.00021599999999889e+04
8 10000.27 8.00021600000000035e+04
9 10000.27 8.00021600000000035e+04
10 10000.27 8.00021600000000035e+04
11 10000.27 8.00021600000000035e+04
12 10000.27 8.00021600000000035e+04
13 10000.27 8.00021600000000035e+04
14 10000.27 8.00021600000000035e+04
15 10000.27 8.00021600000000035e+04
16 10000.27 8.00021600000000035e+04
17 10000.27 8.00021600000000180e+04
18 10000.27 8.00021599999999889e+04
19 10000.27 8.00021600000000035e+04
20 10000.27 8.00021600000000035e+04
1 10000.28 8.00022400000000198e+04
2 10000.28 8.00022400000000052e+04
3 10000.28 8.00022400000000198e+04
4 10000.28 8.00022400000000198e+04
5 10000.28 8.00022400000000052e+04
6 10000.28 8.00022400000000198e+04
7 10000.28 8.00022400000000052e+04
8 10000.28 8.00022400000000052e+04
9 10000.28 8.00022399999999907e+04
10 10000.28 8.00022400000000052e+04
11 10000.28 8.00022399999999907e+04
12 10000.28 8.00022399999999907e+04
13 10000.28 8.00022400000000198e+04
14 10000.28 8.00022400000000052e+04
15 10000.28 8.00022400000000052e+04
16 10000.28 8.00022400000000052e+04
17 10000.28 8.00022400000000198e+04
18 10000.28 8.00022400000000198e+04
19 10000.28 8.00022400000000052e+04
20 10000.28 8.00022400000000052e+04
1 10000.29 8.00023200000000070e+04
2 10000.29 8.00023200000000070e+04
3 10000.29 8.00023200000000070e+04
4 10000.29 8.00023199999999924e+04
5 10000.29 8.00023200000000215e+04
6 10000.29 8.00023200000000070e+04
7 10000.29 8.00023200000000070e+04
8 10000.29 8.00023199999999924e+04
9 10000.29 8.00023200000000070e+04
10 10000.29 8.00023200000000070e+04
11 10000.29 8.00023199999999924e+04
12 10000.29 8.00023199999999924e+04
13 10000.29 8.00023200000000070e+04
14 10000.29 8.00023199999999924e+04
15 10000.29 8.00023200000000070e+04
16 10000.29 8.00023200000000215e+04
17 10000.29 8.00023200000000070e+04
18 10000.29 8.00023200000000215e+04
19 10000.29 8.00023200000000070e+04
20 10000.29 8.00023199999999924e+04
1 10000.30 8.00023999999999796e+04
2 10000.30 8.00023999999999942e+04
3 10000.30 8.00023999999999942e+04
4 10000.30 8.00023999999999942e+04
5 10000.30 8.00024000000000087e+04
6 10000.30 8.00023999999999942e+04
7 10000.30 8.00023999999999942e+04
8 10000.30 8.00023999999999942e+04
9 10000.30 8.00024000000000087e+04
10 10000.30 8.00023999999999796e+04
11 10000.30 8.00023999999999942e+04
12 10000.30 8.00023999999999796e+04
13 10000.30 8.00023999999999796e+04
14 10000.30 8.00023999999999942e+04
15 10000.30 8.00023999999999942e+04
16 10000.30 8.00023999999999942e+04
17 10000.30 8.00023999999999942e+04
18 10000.30 8.00023999999999942e+04
19 10000.30 8.00023999999999796e+04
20 10000.30 8.00023999999999942e+04
1 10000.31 8.00024799999999959e+04
2 10000.31 8.00024799999999814e+04
3 10000.31 8.00024799999999959e+04
4 10000.31 8.00024800000000105e+04
5 10000.31 8.00024799999999959e+04
6 10000.31 8.00024799999999959e+04
7 10000.31 8.00024799999999814e+04
8 10000.31 8.00024799999999959e+04
9 10000.31 8.00024799999999959e+04
10 10000.31 8.00024799999999959e+04
11 10000.31 8.00024799999999959e+04
12 10000.31 8.00024800000000105e+04
13 10000.31 8.00024799999999959e+04
14 10000.31 8.00024799999999959e+04
15 10000.31 8.00024799999999959e+04
16 10000.31 8.00024799999999959e+04
17 10000.31 8.00024799999999959e+04
18 10000.31 8.00024799999999959e+04
19 10000.31 8.00024799999999959e+04
20 10000.31 8.00024799999999814e+04
1 10000.32 8.00025599999999831e+04
2 10000.32 8.00025600000000122e+04
3 10000.32 8.00025599999999977e+04
4 10000.32 8.00025599999999977e+04
5 10000.32 8.00025599999999831e+04
6 10000.32 8.00025599999999977e+04
7 10000.32 8.00025599999999831e+04
8 10000.32 8.00025599999999831e+04
9 10000.32 8.00025599999999977e+04
10 10000.32 8.00025599999999977e+04
11 10000.32 8.00025600000000122e+04
12 10000.32 8.00025599999999977e+04
13 10000.32 8.00025599999999977e+04
14 10000.32 8.00025599999999831e+04
15 10000.32 8.00025600000000122e+04
16 10000.32 8.00025599999999977e+04
17 10000.32 8.00025600000000122e+04
18 10000.32 8.00025599999999977e+04
19 10000.32 8.00025599999999977e+04
20 10000.32 8.00025599999999977e+04
1 10000.33 8.00026400000000140e+04
2 10000.33 8.00026399999999994e+04
3 10000.33 8.00026399999999994e+04
4 10000.33 8.00026399999999994e+04
5 10000.33 8.00026399999999994e+04
6 10000.33 8.00026399999999994e+04
7 10000.33 8.00026399999999994e+04
8 10000.33 8.00026399999999994e+04
9 10000.33 8.00026399999999994e+04
10 10000.33 8.00026399999999849e+04
11 10000.33 8.00026399999999994e+04
12 10000.33 8.00026400000000140e+04
13 10000.33 8.00026399999999849e+04
14 10000.33 8.00026400000000140e+04
15 10000.33 8.00026399999999994e+04
16 10000.33 8.00026399999999994e+04
17 10000.33 8.00026399999999849e+04
18 10000.33 8.00026399999999994e+04
19 10000.33 8.00026399999999849e+04
20 10000.33 8.00026399999999994e+04
1 10000.34 8.00027200000000012e+04
2 10000.34 8.00027200000000012e+04
3 10000.34 8.00027200000000012e+04
4 10000.34 8.00027200000000012e+04
5 10000.34 8.00027200000000012e+04
6 10000.34 8.00027200000000012e+04
7 10000.34 8.00027200000000012e+04
8 10000.34 8.00027199999999866e+04
9 10000.34 8.00027200000000012e+04
10 10000.34 8.00027199999999866e+04
11 10000.34 8.00027200000000012e+04
12 10000.34 8.00027200000000157e+04
13 10000.34 8.00027200000000012e+04
14 10000.34 8.00027200000000012e+04
15 10000.34 8.00027199999999866e+04
16 10000.34 8.00027200000000012e+04
17 10000.34 8.00027200000000012e+04
18 10000.34 8.00027200000000157e+04
19 10000.34 8.00027200000000012e+04
20 10000.34 8.00027200000000012e+04
1 10000.35 8.00028000000000029e+04
2 10000.35 8.00028000000000029e+04
3 10000.35 8.00028000000000029e+04
4 10000.35 8.00028000000000029e+04
5 10000.35 8.00027999999999884e+04
6 10000.35 8.00028000000000029e+04
7 10000.35 8.00028000000000175e+04
8 10000.35 8.00028000000000175e+04
9 10000.35 8.00028000000000029e+04
10 10000.35 8.00028000000000029e+04
11 10000.35 8.00028000000000029e+04
12 10000.35 8.00028000000000029e+04
13 10000.35 8.00028000000000029e+04
14 10000.35 8.00028000000000175e+04
15 10000.35 8.00028000000000029e+04
16 10000.35 8.00028000000000029e+04
17 10000.35 8.00028000000000029e+04
18 10000.35 8.00028000000000175e+04
19 10000.35 8.00028000000000029e+04
20 10000.35 8.00028000000000029e+04
1 10000.36 8.00028799999999901e+04
2 10000.36 8.00028800000000047e+04
3 10000.36 8.00028799999999901e+04
4 10000.36 8.00028800000000047e+04
5 10000.36 8.00028800000000047e+04
6 10000.36 8.00028800000000047e+04
7 10000.36 8.00028800000000047e+04
8 10000.36 8.00028800000000047e+04
9 10000.36 8.00028800000000047e+04
10 10000.36 8.00028800000000047e+04
11 10000.36 8.00028800000000047e+04
12 10000.36 8.00028800000000047e+04
13 10000.36 8.00028799999999901e+04
14 10000.36 8.00028799999999901e+04
15 10000.36 8.00028800000000047e+04
16 10000.36 8.00028800000000047e+04
17 10000.36 8.00028800000000047e+04
18 10000.36 8.00028800000000047e+04
19 10000.36 8.00028800000000192e+04
20 10000.36 8.00028799999999901e+04
1 10000.37 8.00029600000000210e+04
2 10000.37 8.00029600000000064e+04
3 10000.37 8.00029600000000064e+04
4 10000.37 8.00029599999999919e+04
5 10000.37 8.00029600000000210e+04
6 10000.37 8.00029599999999919e+04
7 10000.37 8.00029599999999919e+04
8 10000.37 8.00029600000000064e+04
9 10000.37 8.00029599999999919e+04
10 10000.37 8.00029600000000064e+04
11 10000.37 8.00029600000000210e+04
12 10000.37 8.00029599999999919e+04
13 10000.37 8.00029600000000064e+04
14 10000.37 8.00029600000000064e+04
15 10000.37 8.00029600000000064e+04
16 10000.37 8.00029600000000064e+04
17 10000.37 8.00029600000000064e+04
18 10000.37 8.00029600000000064e+04
19 10000.37 8.00029600000000064e+04
20 10000.37 8.00029600000000064e+04
1 10000.38 8.00030399999999936e+04
2 10000.38 8.00030399999999936e+04
3 10000.38 8.00030399999999936e+04
4 10000.38 8.00030399999999936e+04
5 10000.38 8.00030399999999936e+04
6 10000.38 8.00030399999999936e+04
7 10000.38 8.00030400000000081e+04
8 10000.38 8.00030399999999936e+04
9 10000.38 8.00030400000000081e+04
10 10000.38 8.00030399999999936e+04
11 10000.38 8.00030399999999936e+04
12 10000.38 8.00030399999999790e+04
13 10000.38 8.00030400000000081e+04
14 10000.38 8.00030399999999936e+04
15 10000.38 8.00030399999999936e+04
16 10000.38 8.00030399999999936e+04
17 10000.38 8.00030399999999790e+04
18 10000.38 8.00030399999999936e+04
19 10000.38 8.00030399999999790e+04
20 10000.38 8.00030399999999936e+04
1 10000.39 8.00031199999999953e+04
2 10000.39 8.00031199999999953e+04
3 10000.39 8.00031199999999808e+04
4 10000.39 8.00031199999999953e+04
5 10000.39 8.00031200000000099e+04
6 10000.39 8.00031199999999953e+04
7 10000.39 8.00031199999999953e+04
8 10000.39 8.00031199999999953e+04
9 10000.39 8.00031200000000099e+04
10 10000.39 8.00031199999999953e+04
11 10000.39 8.00031200000000099e+04
12 10000.39 8.00031200000000099e+04
13 10000.39 8.00031200000000099e+04
14 10000.39 8.00031199999999953e+04
15 10000.39 8.00031199999999953e+04
16 10000.39 8.00031199999999953e+04
17 10000.39 8.00031199999999953e+04
18 10000.39 8.00031199999999953e+04
19 10000.39 8.00031199999999953e+04
20 10000.39 8.00031199999999953e+04
1 10000.40 8.00031999999999971e+04
2 10000.40 8.00031999999999680e+04
3 10000.40 8.00032000000000116e+04
4 10000.40 8.00031999999999971e+04
5 10000.40 8.00031999999999971e+04
6 10000.40 8.00031999999999825e+04
7 10000.40 8.00032000000000116e+04
8 10000.40 8.00031999999999971e+04
9 10000.40 8.00031999999999971e+04
10 10000.40 8.00031999999999971e+04
11 10000.40 8.00032000000000116e+04
12 10000.40 8.00031999999999971e+04
13 10000.40 8.00031999999999825e+04
14 10000.40 8.00031999999999971e+04
15 10000.40 8.00031999999999971e+04
16 10000.40 8.00031999999999971e+04
17 10000.40 8.00031999999999971e+04
18 10000.40 8.00031999999999971e+04
19 10000.40 8.00031999999999971e+04
20 10000.40 8.00032000000000116e+04
1 10000.41 8.00032800000000134e+04
2 10000.41 8.00032799999999988e+04
3 10000.41 8.00032799999999988e+04
4 10000.41 8.00032799999999843e+04
5 10000.41 8.00032799999999988e+04
6 10000.41 8.00032800000000134e+04
7 10000.41 8.00032799999999988e+04
8 10000.41 8.00032799999999843e+04
9 10000.41 8.00032799999999988e+04
10 10000.41 8.00032799999999988e+04
11 10000.41 8.00032800000000134e+04
12 10000.41 8.00032799999999843e+04
13 10000.41 8.00032800000000134e+04
14 10000.41 8.00032800000000134e+04
15 10000.41 8.00032800000000134e+04
16 10000.41 8.00032799999999988e+04
17 10000.41 8.00032799999999988e+04
18 10000.41 8.00032799999999988e+04
19 10000.41 8.00032799999999988e+04
20 10000.41 8.00032800000000134e+04
1 10000.42 8.00033600000000006e+04
2 10000.42 8.00033600000000006e+04
3 10000.42 8.00033600000000151e+04
4 10000.42 8.00033600000000006e+04
5 10000.42 8.00033600000000151e+04
6 10000.42 8.00033600000000006e+04
7 10000.42 8.00033599999999860e+04
8 10000.42 8.00033600000000006e+04
9 10000.42 8.00033600000000006e+04
10 10000.42 8.00033599999999860e+04
11 10000.42 8.00033600000000006e+04
12 10000.42 8.00033600000000006e+04
13 10000.42 8.00033600000000151e+04
14 10000.42 8.00033600000000006e+04
15 10000.42 8.00033600000000006e+04
16 10000.42 8.00033599999999860e+04
17 10000.42 8.00033600000000151e+04
18 10000.42 8.00033600000000006e+04
19 10000.42 8.00033600000000151e+04
20 10000.42 8.00033600000000006e+04
1 10000.43 8.00034400000000023e+04
2 10000.43 8.00034400000000023e+04
3 10000.43 8.00034400000000023e+04
4 10000.43 8.00034400000000023e+04
5 10000.43 8.00034400000000023e+04
6 10000.43 8.00034400000000023e+04
7 10000.43 8.00034400000000169e+04
8 10000.43 8.00034400000000023e+04
9 10000.43 8.00034400000000023e+04
10 10000.43 8.00034400000000023e+04
11 10000.43 8.00034400000000023e+04
12 10000.43 8.00034400000000023e+04
13 10000.43 8.00034400000000023e+04
14 10000.43 8.00034400000000023e+04
15 10000.43 8.00034400000000169e+04
16 10000.43 8.00034400000000169e+04
17 10000.43 8.00034400000000023e+04
18 10000.43 8.00034400000000169e+04
19 10000.43 8.00034400000000023e+04
20 10000.43 8.00034399999999878e+04
1 10000.44 8.00035200000000041e+04
2 10000.44 8.00035200000000041e+04
3 10000.44 8.00035200000000041e+04
4 10000.44 8.00035200000000041e+04
5 10000.44 8.00035200000000041e+04
6 10000.44 8.00035200000000041e+04
7 10000.44 8.00035200000000186e+04
8 10000.44 8.00035200000000186e+04
9 10000.44 8.00035200000000041e+04
10 10000.44 8.00035199999999895e+04
11 10000.44 8.00035200000000041e+04
12 10000.44 8.00035200000000041e+04
13 10000.44 8.00035200000000041e+04
14 10000.44 8.00035199999999895e+04
15 10000.44 8.00035200000000041e+04
16 10000.44 8.00035200000000041e+04
17 10000.44 8.00035199999999895e+04
18 10000.44 8.00035200000000041e+04
19 10000.44 8.00035200000000041e+04
20 10000.44 8.00035200000000041e+04
1 10000.45 8.00036000000000204e+04
2 10000.45 8.00036000000000058e+04
3 10000.45 8.00036000000000058e+04
4 10000.45 8.00036000000000058e+04
5 10000.45 8.00036000000000058e+04
6 10000.45 8.00036000000000058e+04
7 10000.45 8.00035999999999913e+04
8 10000.45 8.00036000000000058e+04
9 10000.45 8.00036000000000058e+04
10 10000.45 8.00036000000000058e+04
11 10000.45 8.00036000000000204e+04
12 10000.45 8.00036000000000058e+04
13 10000.45 8.00035999999999913e+04
14 10000.45 8.00035999999999913e+04
15 10000.45 8.00036000000000058e+04
16 10000.45 8.00036000000000058e+04
17 10000.45 8.00036000000000204e+04
18 10000.45 8.00036000000000204e+04
19 10000.45 8.00036000000000058e+04
20 10000.45 8.00036000000000058e+04
1 10000.46 8.00036799999999930e+04
2 10000.46 8.00036799999999785e+04
3 10000.46 8.00036799999999930e+04
4 10000.46 8.00036799999999930e+04
5 10000.46 8.00036800000000076e+04
6 10000.46 8.00036799999999785e+04
7 10000.46 8.00036799999999930e+04
8 10000.46 8.00036799999999930e+04
9 10000.46 8.00036799999999785e+04
10 10000.46 8.00036799999999930e+04
11 10000.46 8.00036799999999930e+04
12 10000.46 8.00036799999999930e+04
13 10000.46 8.00036800000000076e+04
14 10000.46 8.00036799999999930e+04
15 10000.46 8.00036799999999930e+04
16 10000.46 8.00036800000000076e+04
17 10000.46 8.00036799999999930e+04
18 10000.46 8.00036799999999930e+04
19 10000.46 8.00036799999999930e+04
20 10000.46 8.00036799999999785e+04
1 10000.47 8.00037600000000093e+04
2 10000.47 8.00037599999999948e+04
3 10000.47 8.00037599999999802e+04
4 10000.47 8.00037599999999948e+04
5 10000.47 8.00037599999999802e+04
6 10000.47 8.00037599999999948e+04
7 10000.47 8.00037599999999948e+04
8 10000.47 8.00037599999999948e+04
9 10000.47 8.00037599999999948e+04
10 10000.47 8.00037599999999948e+04
11 10000.47 8.00037599999999802e+04
12 10000.47 8.00037599999999948e+04
13 10000.47 8.00037599999999948e+04
14 10000.47 8.00037599999999948e+04
15 10000.47 8.00037599999999948e+04
16 10000.47 8.00037599999999948e+04
17 10000.47 8.00037599999999948e+04
18 10000.47 8.00037599999999948e+04
19 10000.47 8.00037599999999802e+04
20 10000.47 8.00037599999999948e+04
1 10000.48 8.00038399999999965e+04
2 10000.48 8.00038399999999965e+04
3 10000.48 8.00038399999999965e+04
4 10000.48 8.00038399999999965e+04
5 10000.48 8.00038399999999820e+04
6 10000.48 8.00038400000000111e+04
7 10000.48 8.00038399999999965e+04
8 10000.48 8.00038399999999965e+04
9 10000.48 8.00038400000000111e+04
10 10000.48 8.00038399999999965e+04
11 10000.48 8.00038399999999965e+04
12 10000.48 8.00038399999999965e+04
13 10000.48 8.00038399999999965e+04
14 10000.48 8.00038399999999965e+04
15 10000.48 8.00038399999999965e+04
16 10000.48 8.00038399999999820e+04
17 10000.48 8.00038399999999965e+04
18 10000.48 8.00038399999999965e+04
19 10000.48 8.00038399999999965e+04
20 10000.48 8.00038399999999965e+04
1 10000.49 8.00039199999999837e+04
2 10000.49 8.00039199999999983e+04
3 10000.49 8.00039199999999983e+04
4 10000.49 8.00039199999999837e+04
5 10000.49 8.00039199999999983e+04
6 10000.49 8.00039199999999983e+04
7 10000.49 8.00039200000000128e+04
8 10000.49 8.00039199999999983e+04
9 10000.49 8.00039199999999983e+04
10 10000.49 8.00039199999999837e+04
11 10000.49 8.00039199999999983e+04
12 10000.49 8.00039199999999837e+04
13 10000.49 8.00039199999999983e+04
14 10000.49 8.00039199999999837e+04
15 10000.49 8.00039199999999983e+04
16 10000.49 8.00039199999999983e+04
17 10000.49 8.00039199999999983e+04
18 10000.49 8.00039199999999983e+04
19 10000.49 8.00039199999999983e+04
20 10000.49 8.00039199999999837e+04
1 10000.50 8.00040000000000000e+04
2 10000.50 8.00040000000000000e+04
3 10000.50 8.00040000000000146e+04
4 10000.50 8.00040000000000000e+04
5 10000.50 8.00040000000000146e+04
6 10000.50 8.00040000000000000e+04
7 10000.50 8.00040000000000000e+04
8 10000.50 8.00040000000000146e+04
9 10000.50 8.00040000000000146e+04
10 10000.50 8.00040000000000000e+04
11 10000.50 8.00039999999999854e+04
12 10000.50 8.00039999999999854e+04
13 10000.50 8.00040000000000000e+04
14 10000.50 8.00040000000000000e+04
15 10000.50 8.00040000000000146e+04
16 10000.50 8.00040000000000000e+04
17 10000.50 8.00040000000000000e+04
18 10000.50 8.00039999999999854e+04
19 10000.50 8.00040000000000000e+04
20 10000.50 8.00040000000000146e+04
1 10000.51 8.00040800000000017e+04
2 10000.51 8.00040800000000163e+04
3 10000.51 8.00040800000000017e+04
4 10000.51 8.00040800000000017e+04
5 10000.51 8.00040799999999872e+04
6 10000.51 8.00040800000000017e+04
7 10000.51 8.00040800000000017e+04
8 10000.51 8.00040800000000017e+04
9 10000.51 8.00040800000000017e+04
10 10000.51 8.00040800000000017e+04
11 10000.51 8.00040800000000017e+04
12 10000.51 8.00040799999999872e+04
13 10000.51 8.00040800000000017e+04
14 10000.51 8.00040800000000017e+04
15 10000.51 8.00040800000000017e+04
16 10000.51 8.00040800000000017e+04
17 10000.51 8.00040800000000017e+04
18 10000.51 8.00040800000000017e+04
19 10000.51 8.00040800000000163e+04
20 10000.51 8.00040800000000163e+04
1 10000.52 8.00041600000000035e+04
2 10000.52 8.00041600000000035e+04
3 10000.52 8.00041600000000180e+04
4 10000.52 8.00041600000000035e+04
5 10000.52 8.00041600000000035e+04
6 10000.52 8.00041600000000035e+04
7 10000.52 8.00041600000000035e+04
8 10000.52 8.00041600000000035e+04
9 10000.52 8.00041600000000035e+04
10 10000.52 8.00041599999999889e+04
11 10000.52 8.00041600000000180e+04
12 10000.52 8.00041600000000035e+04
13 10000.52 8.00041600000000035e+04
14 10000.52 8.00041600000000035e+04
15 10000.52 8.00041600000000180e+04
16 10000.52 8.00041600000000035e+04
17 10000.52 8.00041600000000180e+04
18 10000.52 8.00041600000000035e+04
19 10000.52 8.00041600000000035e+04
20 10000.52 8.00041600000000035e+04
1 10000.53 8.00042400000000052e+04
2 10000.53 8.00042400000000052e+04
3 10000.53 8.00042400000000052e+04
4 10000.53 8.00042400000000052e+04
5 10000.53 8.00042400000000052e+04
6 10000.53 8.00042400000000052e+04
7 10000.53 8.00042400000000198e+04
8 10000.53 8.00042400000000052e+04
9 10000.53 8.00042399999999907e+04
10 10000.53 8.00042400000000052e+04
11 10000.53 8.00042400000000052e+04
12 10000.53 8.00042400000000052e+04
13 10000.53 8.00042400000000198e+04
14 10000.53 8.00042400000000052e+04
15 10000.53 8.00042400000000052e+04
16 10000.53 8.00042399999999907e+04
17 10000.53 8.00042400000000198e+04
18 10000.53 8.00042400000000052e+04
19 10000.53 8.00042400000000198e+04
20 10000.53 8.00042399999999907e+04
1 10000.54 8.00043200000000070e+04
2 10000.54 8.00043200000000070e+04
3 10000.54 8.00043200000000070e+04
4 10000.54 8.00043200000000070e+04
5 10000.54 8.00043200000000070e+04
6 10000.54 8.00043199999999924e+04
7 10000.54 8.00043200000000070e+04
8 10000.54 8.00043200000000070e+04
9 10000.54 8.00043200000000070e+04
10 10000.54 8.00043199999999924e+04
11 10000.54 8.00043200000000070e+04
12 10000.54 8.00043200000000070e+04
13 10000.54 8.00043200000000070e+04
14 10000.54 8.00043200000000070e+04
15 10000.54 8.00043200000000215e+04
16 10000.54 8.00043200000000070e+04
17 10000.54 8.00043200000000070e+04
18 10000.54 8.00043200000000070e+04
19 10000.54 8.00043200000000070e+04
20 10000.54 8.00043199999999924e+04
1 10000.55 8.00044000000000087e+04
2 10000.55 8.00043999999999942e+04
3 10000.55 8.00043999999999942e+04
4 10000.55 8.00043999999999942e+04
5 10000.55 8.00043999999999942e+04
6 10000.55 8.00043999999999942e+04
7 10000.55 8.00043999999999942e+04
8 10000.55 8.00043999999999942e+04
9 10000.55 8.00043999999999942e+04
10 10000.55 8.00043999999999942e+04
11 10000.55 8.00043999999999942e+04
12 10000.55 8.00043999999999942e+04
13 10000.55 8.00043999999999942e+04
14 10000.55 8.00043999999999942e+04
15 10000.55 8.00043999999999942e+04
16 10000.55 8.00044000000000087e+04
17 10000.55 8.00043999999999796e+04
18 10000.55 8.00043999999999796e+04
19 10000.55 8.00043999999999942e+04
20 10000.55 8.00043999999999942e+04
1 10000.56 8.00044799999999959e+04
2 10000.56 8.00044799999999959e+04
3 10000.56 8.00044799999999959e+04
4 10000.56 8.00044799999999959e+04
5 10000.56 8.00044799999999959e+04
6 10000.56 8.00044799999999814e+04
7 10000.56 8.00044799999999959e+04
8 10000.56 8.00044799999999959e+04
9 10000.56 8.00044799999999959e+04
10 10000.56 8.00044799999999959e+04
11 10000.56 8.00044799999999959e+04
12 10000.56 8.00044800000000105e+04
13 10000.56 8.00044799999999959e+04
14 10000.56 8.00044799999999814e+04
15 10000.56 8.00044800000000105e+04
16 10000.56 8.00044800000000105e+04
17 10000.56 8.00044799999999959e+04
18 10000.56 8.00044799999999959e+04
19 10000.56 8.00044799999999959e+04
20 10000.56 8.00044799999999959e+04
1 10000.57 8.00045599999999977e+04
2 10000.57 8.00045599999999831e+04
3 10000.57 8.00045599999999977e+04
4 10000.57 8.00045599999999977e+04
5 10000.57 8.00045599999999977e+04
6 10000.57 8.00045599999999977e+04
7 10000.57 8.00045599999999977e+04
8 10000.57 8.00045600000000122e+04
9 10000.57 8.00045599999999977e+04
10 10000.57 8.00045599999999831e+04
11 10000.57 8.00045599999999977e+04
12 10000.57 8.00045599999999977e+04
13 10000.57 8.00045599999999977e+04
14 10000.57 8.00045599999999977e+04
15 10000.57 8.00045600000000122e+04
16 10000.57 8.00045599999999977e+04
17 10000.57 8.00045599999999977e+04
18 10000.57 8.00045599999999977e+04
19 10000.57 8.00045599999999977e+04
20 10000.57 8.00045599999999977e+04
1 10000.58 8.00046399999999994e+04
2 10000.58 8.00046399999999849e+04
3 10000.58 8.00046399999999994e+04
4 10000.58 8.00046400000000140e+04
5 10000.58 8.00046399999999994e+04
6 10000.58 8.00046399999999849e+04
7 10000.58 8.00046399999999849e+04
8 10000.58 8.00046399999999994e+04
9 10000.58 8.00046399999999994e+04
10 10000.58 8.00046399999999994e+04
11 10000.58 8.00046400000000140e+04
12 10000.58 8.00046399999999994e+04
13 10000.58 8.00046400000000140e+04
14 10000.58 8.00046399999999994e+04
15 10000.58 8.00046399999999849e+04
16 10000.58 8.00046400000000140e+04
17 10000.58 8.00046399999999994e+04
18 10000.58 8.00046399999999849e+04
19 10000.58 8.00046400000000140e+04
20 10000.58 8.00046399999999994e+04
1 10000.59 8.00047200000000012e+04
2 10000.59 8.00047200000000012e+04
3 10000.59 8.00047200000000157e+04
4 10000.59 8.00047199999999866e+04
5 10000.59 8.00047199999999866e+04
6 10000.59 8.00047200000000012e+04
7 10000.59 8.00047199999999866e+04
8 10000.59 8.00047200000000012e+04
9 10000.59 8.00047200000000012e+04
10 10000.59 8.00047200000000012e+04
11 10000.59 8.00047200000000012e+04
12 10000.59 8.00047200000000012e+04
13 10000.59 8.00047199999999866e+04
14 10000.59 8.00047200000000157e+04
15 10000.59 8.00047200000000012e+04
16 10000.59 8.00047199999999866e+04
17 10000.59 8.00047200000000012e+04
18 10000.59 8.00047200000000157e+04
19 10000.59 8.00047199999999866e+04
20 10000.59 8.00047200000000157e+04
1 10000.60 8.00048000000000029e+04
2 10000.60 8.00048000000000029e+04
3 10000.60 8.00048000000000029e+04
4 10000.60 8.00047999999999884e+04
5 10000.60 8.00048000000000029e+04
6 10000.60 8.00048000000000029e+04
7 10000.60 8.00048000000000029e+04
8 10000.60 8.00048000000000029e+04
9 10000.60 8.00048000000000029e+04
10 10000.60 8.00048000000000029e+04
11 10000.60 8.00048000000000175e+04
12 10000.60 8.00048000000000029e+04
13 10000.60 8.00048000000000175e+04
14 10000.60 8.00048000000000029e+04
15 10000.60 8.00047999999999738e+04
16 10000.60 8.00048000000000029e+04
17 10000.60 8.00048000000000029e+04
18 10000.60 8.00047999999999884e+04
19 10000.60 8.00048000000000029e+04
20 10000.60 8.00048000000000029e+04
1 10000.61 8.00048800000000047e+04
2 10000.61 8.00048800000000192e+04
3 10000.61 8.00048800000000047e+04
4 10000.61 8.00048800000000047e+04
5 10000.61 8.00048800000000047e+04
6 10000.61 8.00048800000000192e+04
7 10000.61 8.00048800000000047e+04
8 10000.61 8.00048800000000192e+04
9 10000.61 8.00048800000000047e+04
10 10000.61 8.00048800000000047e+04
11 10000.61 8.00048800000000047e+04
12 10000.61 8.00048800000000192e+04
13 10000.61 8.00048800000000047e+04
14 10000.61 8.00048799999999901e+04
15 10000.61 8.00048800000000047e+04
16 10000.61 8.00048800000000047e+04
17 10000.61 8.00048800000000192e+04
18 10000.61 8.00048800000000047e+04
19 10000.61 8.00048800000000047e+04
20 10000.61 8.00048799999999901e+04
1 10000.62 8.00049600000000064e+04
2 10000.62 8.00049600000000064e+04
3 10000.62 8.00049599999999919e+04
4 10000.62 8.00049600000000210e+04
5 10000.62 8.00049600000000064e+04
6 10000.62 8.00049599999999919e+04
7 10000.62 8.00049600000000064e+04
8 10000.62 8.00049600000000210e+04
9 10000.62 8.00049600000000064e+04
10 10000.62 8.00049600000000064e+04
11 10000.62 8.00049600000000064e+04
12 10000.62 8.00049600000000064e+04
13 10000.62 8.00049600000000210e+04
14 10000.62 8.00049600000000210e+04
15 10000.62 8.00049600000000064e+04
16 10000.62 8.00049600000000064e+04
17 10000.62 8.00049600000000064e+04
18 10000.62 8.00049600000000064e+04
19 10000.62 8.00049600000000064e+04
20 10000.62 8.00049600000000064e+04
1 10000.63 8.00050399999999936e+04
2 10000.63 8.00050399999999936e+04
3 10000.63 8.00050399999999936e+04
4 10000.63 8.00050399999999790e+04
5 10000.63 8.00050399999999936e+04
6 10000.63 8.00050399999999936e+04
7 10000.63 8.00050399999999936e+04
8 10000.63 8.00050400000000081e+04
9 10000.63 8.00050399999999936e+04
10 10000.63 8.00050399999999936e+04
11 10000.63 8.00050399999999936e+04
12 10000.63 8.00050399999999936e+04
13 10000.63 8.00050400000000081e+04
14 10000.63 8.00050399999999790e+04
15 10000.63 8.00050399999999936e+04
16 10000.63 8.00050399999999790e+04
17 10000.63 8.00050399999999936e+04
18 10000.63 8.00050399999999936e+04
19 10000.63 8.00050399999999936e+04
20 10000.63 8.00050400000000081e+04
1 10000.64 8.00051199999999808e+04
2 10000.64 8.00051200000000099e+04
3 10000.64 8.00051199999999953e+04
4 10000.64 8.00051199999999953e+04
5 10000.64 8.00051199999999953e+04
6 10000.64 8.00051199999999953e+04
7 10000.64 8.00051199999999953e+04
8 10000.64 8.00051199999999808e+04
9 10000.64 8.00051200000000099e+04
10 10000.64 8.00051200000000099e+04
11 10000.64 8.00051200000000099e+04
12 10000.64 8.00051199999999953e+04
13 10000.64 8.00051199999999953e+04
14 10000.64 8.00051199999999953e+04
15 10000.64 8.00051199999999808e+04
16 10000.64 8.00051199999999953e+04
17 10000.64 8.00051199999999808e+04
18 10000.64 8.00051199999999953e+04
19 10000.64 8.00051200000000099e+04
20 10000.64 8.00051199999999808e+04
1 10000.65 8.00051999999999825e+04
2 10000.65 8.00051999999999971e+04
3 10000.65 8.00051999999999971e+04
4 10000.65 8.00051999999999825e+04
5 10000.65 8.00051999999999971e+04
6 10000.65 8.00051999999999825e+04
7 10000.65 8.00051999999999825e+04
8 10000.65 8.00051999999999971e+04
9 10000.65 8.00051999999999825e+04
10 10000.65 8.00051999999999971e+04
11 10000.65 8.00052000000000116e+04
12 10000.65 8.00051999999999971e+04
13 10000.65 8.00051999999999971e+04
14 10000.65 8.00051999999999971e+04
15 10000.65 8.00051999999999825e+04
16 10000.65 8.00051999999999971e+04
17 10000.65 8.00052000000000116e+04
18 10000.65 8.00051999999999971e+04
19 10000.65 8.00052000000000116e+04
20 10000.65 8.00052000000000116e+04
1 10000.66 8.00052799999999988e+04
2 10000.66 8.00052799999999988e+04
3 10000.66 8.00052799999999988e+04
4 10000.66 8.00052800000000134e+04
5 10000.66 8.00052799999999843e+04
6 10000.66 8.00052799999999988e+04
7 10000.66 8.00052800000000134e+04
8 10000.66 8.00052799999999988e+04
9 10000.66 8.00052799999999988e+04
10 10000.66 8.00052799999999988e+04
11 10000.66 8.00052799999999988e+04
12 10000.66 8.00052799999999988e+04
13 10000.66 8.00052799999999843e+04
14 10000.66 8.00052799999999988e+04
15 10000.66 8.00052799999999988e+04
16 10000.66 8.00052799999999988e+04
17 10000.66 8.00052799999999988e+04
18 10000.66 8.00052800000000134e+04
19 10000.66 8.00052800000000134e+04
20 10000.66 8.00052799999999988e+04
1 10000.67 8.00053600000000006e+04
2 10000.67 8.00053600000000006e+04
3 10000.67 8.00053600000000006e+04
4 10000.67 8.00053600000000006e+04
5 10000.67 8.00053600000000006e+04
6 10000.67 8.00053600000000151e+04
7 10000.67 8.00053600000000151e+04
8 10000.67 8.00053600000000151e+04
9 10000.67 8.00053600000000006e+04
10 10000.67 8.00053600000000006e+04
11 10000.67 8.00053600000000006e+04
12 10000.67 8.00053600000000151e+04
13 10000.67 8.00053600000000006e+04
14 10000.67 8.00053600000000006e+04
15 10000.67 8.00053599999999860e+04
16 10000.67 8.00053600000000006e+04
17 10000.67 8.00053599999999860e+04
18 10000.67 8.00053600000000006e+04
19 10000.67 8.00053600000000006e+04
20 10000.67 8.00053600000000151e+04
1 10000.68 8.00054400000000023e+04
2 10000.68 8.00054400000000023e+04
3 10000.68 8.00054399999999878e+04
4 10000.68 8.00054400000000023e+04
5 10000.68 8.00054400000000023e+04
6 10000.68 8.00054400000000169e+04
7 10000.68 8.00054400000000023e+04
8 10000.68 8.00054400000000023e+04
9 10000.68 8.00054400000000023e+04
10 10000.68 8.00054400000000169e+04
11 10000.68 8.00054400000000023e+04
12 10000.68 8.00054400000000169e+04
13 10000.68 8.00054400000000023e+04
14 10000.68 8.00054400000000169e+04
15 10000.68 8.00054399999999878e+04
16 10000.68 8.00054400000000023e+04
17 10000.68 8.00054399999999878e+04
18 10000.68 8.00054400000000023e+04
19 10000.68 8.00054400000000169e+04
20 10000.68 8.00054400000000023e+04
1 10000.69 8.00055200000000041e+04
2 10000.69 8.00055199999999895e+04
3 10000.69 8.00055199999999895e+04
4 10000.69 8.00055200000000041e+04
5 10000.69 8.00055199999999895e+04
6 10000.69 8.00055200000000041e+04
7 10000.69 8.00055200000000041e+04
8 10000.69 8.00055200000000186e+04
9 10000.69 8.00055199999999895e+04
10 10000.69 8.00055200000000041e+04
11 10000.69 8.00055200000000186e+04
12 10000.69 8.00055200000000041e+04
13 10000.69 8.00055200000000041e+04
14 10000.69 8.00055200000000041e+04
15 10000.69 8.00055200000000186e+04
16 10000.69 8.00055200000000041e+04
17 10000.69 8.00055200000000041e+04
18 10000.69 8.00055200000000041e+04
19 10000.69 8.00055200000000041e+04
20 10000.69 8.00055200000000041e+04
1 10000.70 8.00056000000000058e+04
2 10000.70 8.00056000000000058e+04
3 10000.70 8.00056000000000204e+04
4 10000.70 8.00055999999999913e+04
5 10000.70 8.00056000000000058e+04
6 10000.70 8.00055999999999913e+04
7 10000.70 8.00056000000000058e+04
8 10000.70 8.00056000000000058e+04
9 10000.70 8.00056000000000058e+04
10 10000.70 8.00056000000000058e+04
11 10000.70 8.00056000000000204e+04
12 10000.70 8.00056000000000058e+04
13 10000.70 8.00056000000000058e+04
14 10000.70 8.00056000000000204e+04
15 10000.70 8.00056000000000058e+04
16 10000.70 8.00055999999999913e+04
17 10000.70 8.00056000000000058e+04
18 10000.70 8.00056000000000058e+04
19 10000.70 8.00056000000000058e+04
20 10000.70 8.00056000000000058e+04
1 10000.71 8.00056799999999930e+04
2 10000.71 8.00056799999999930e+04
3 10000.71 8.00056799999999930e+04
4 10000.71 8.00056799999999785e+04
5 10000.71 8.00056799999999930e+04
6 10000.71 8.00056799999999785e+04
7 10000.71 8.00056799999999930e+04
8 10000.71 8.00056799999999930e+04
9 10000.71 8.00056799999999930e+04
10 10000.71 8.00056799999999930e+04
11 10000.71 8.00056799999999930e+04
12 10000.71 8.00056799999999930e+04
13 10000.71 8.00056799999999930e+04
14 10000.71 8.00056799999999930e+04
15 10000.71 8.00056799999999930e+04
16 10000.71 8.00056799999999930e+04
17 10000.71 8.00056800000000076e+04
18 10000.71 8.00056799999999930e+04
19 10000.71 8.00056799999999930e+04
20 10000.71 8.00056799999999930e+04
1 10000.72 8.00057599999999948e+04
2 10000.72 8.00057599999999948e+04
3 10000.72 8.00057599999999948e+04
4 10000.72 8.00057599999999802e+04
5 10000.72 8.00057599999999802e+04
6 10000.72 8.00057599999999948e+04
7 10000.72 8.00057599999999948e+04
8 10000.72 8.00057599999999802e+04
9 10000.72 8.00057599999999948e+04
10 10000.72 8.00057599999999948e+04
11 10000.72 8.00057599999999948e+04
12 10000.72 8.00057600000000093e+04
13 10000.72 8.00057599999999802e+04
14 10000.72 8.00057599999999948e+04
15 10000.72 8.00057599999999948e+04
16 10000.72 8.00057599999999802e+04
17 10000.72 8.00057599999999802e+04
18 10000.72 8.00057599999999948e+04
19 10000.72 8.00057599999999948e+04
20 10000.72 8.00057599999999948e+04
1 10000.73 8.00058399999999965e+04
2 10000.73 8.00058399999999965e+04
3 10000.73 8.00058399999999820e+04
4 10000.73 8.00058399999999965e+04
5 10000.73 8.00058400000000111e+04
6 10000.73 8.00058399999999820e+04
7 10000.73 8.00058399999999965e+04
8 10000.73 8.00058399999999965e+04
9 10000.73 8.00058399999999820e+04
10 10000.73 8.00058399999999965e+04
11 10000.73 8.00058399999999820e+04
12 10000.73 8.00058399999999674e+04
13 10000.73 8.00058399999999965e+04
14 10000.73 8.00058399999999965e+04
15 10000.73 8.00058399999999965e+04
16 10000.73 8.00058399999999965e+04
17 10000.73 8.00058399999999965e+04
18 10000.73 8.00058399999999820e+04
19 10000.73 8.00058399999999820e+04
20 10000.73 8.00058399999999965e+04
1 10000.74 8.00059199999999837e+04
2 10000.74 8.00059200000000128e+04
3 10000.74 8.00059199999999983e+04
4 10000.74 8.00059200000000128e+04
5 10000.74 8.00059199999999983e+04
6 10000.74 8.00059199999999983e+04
7 10000.74 8.00059200000000128e+04
8 10000.74 8.00059200000000128e+04
9 10000.74 8.00059199999999983e+04
10 10000.74 8.00059199999999983e+04
11 10000.74 8.00059199999999837e+04
12 10000.74 8.00059199999999983e+04
13 10000.74 8.00059199999999983e+04
14 10000.74 8.00059199999999983e+04
15 10000.74 8.00059199999999983e+04
16 10000.74 8.00059199999999983e+04
17 10000.74 8.00059200000000128e+04
18 10000.74 8.00059199999999983e+04
19 10000.74 8.00059199999999837e+04
20 10000.74 8.00059199999999983e+04
1 10000.75 8.00060000000000000e+04
2 10000.75 8.00060000000000146e+04
3 10000.75 8.00060000000000000e+04
4 10000.75 8.00060000000000000e+04
5 10000.75 8.00059999999999854e+04
6 10000.75 8.00060000000000000e+04
7 10000.75 8.00060000000000000e+04
8 10000.75 8.00060000000000000e+04
9 10000.75 8.00060000000000000e+04
10 10000.75 8.00060000000000146e+04
11 10000.75 8.00059999999999854e+04
12 10000.75 8.00060000000000000e+04
13 10000.75 8.00059999999999854e+04
14 10000.75 8.00060000000000000e+04
15 10000.75 8.00060000000000000e+04
16 10000.75 8.00060000000000000e+04
17 10000.75 8.00060000000000146e+04
18 10000.75 8.00060000000000000e+04
19 10000.75 8.00060000000000146e+04
20 10000.75 8.00060000000000000e+04
1 10000.76 8.00060799999999872e+04
2 10000.76 8.00060800000000017e+04
3 10000.76 8.00060800000000017e+04
4 10000.76 8.00060799999999872e+04
5 10000.76 8.00060800000000017e+04
6 10000.76 8.00060800000000017e+04
7 10000.76 8.00060800000000017e+04
8 10000.76 8.00060799999999872e+04
9 10000.76 8.00060800000000017e+04
10 10000.76 8.00060800000000017e+04
11 10000.76 8.00060800000000017e+04
12 10000.76 8.00060800000000017e+04
13 10000.76 8.00060800000000163e+04
14 10000.76 8.00060800000000017e+04
15 10000.76 8.00060800000000163e+04
16 10000.76 8.00060799999999872e+04
17 10000.76 8.00060800000000017e+04
18 10000.76 8.00060800000000163e+04
19 10000.76 8.00060799999999872e+04
20 10000.76 8.00060800000000017e+04
1 10000.77 8.00061600000000180e+04
2 10000.77 8.00061599999999889e+04
3 10000.77 8.00061599999999889e+04
4 10000.77 8.00061600000000035e+04
5 10000.77 8.00061600000000035e+04
6 10000.77 8.00061600000000035e+04
7 10000.77 8.00061600000000035e+04
8 10000.77 8.00061600000000035e+04
9 10000.77 8.00061600000000035e+04
10 10000.77 8.00061599999999889e+04
11 10000.77 8.00061600000000180e+04
12 10000.77 8.00061599999999889e+04
13 10000.77 8.00061600000000035e+04
14 10000.77 8.00061600000000035e+04
15 10000.77 8.00061600000000035e+04
16 10000.77 8.00061600000000035e+04
17 10000.77 8.00061600000000180e+04
18 10000.77 8.00061599999999889e+04
19 10000.77 8.00061600000000035e+04
20 10000.77 8.00061600000000035e+04
1 10000.78 8.00062400000000052e+04
2 10000.78 8.00062399999999907e+04
3 10000.78 8.00062400000000052e+04
4 10000.78 8.00062400000000052e+04
5 10000.78 8.00062400000000052e+04
6 10000.78 8.00062400000000198e+04
7 10000.78 8.00062400000000052e+04
8 10000.78 8.00062400000000052e+04
9 10000.78 8.00062400000000052e+04
10 10000.78 8.00062400000000052e+04
11 10000.78 8.00062400000000052e+04
12 10000.78 8.00062400000000052e+04
13 10000.78 8.00062400000000052e+04
14 10000.78 8.00062400000000052e+04
15 10000.78 8.00062400000000052e+04
16 10000.78 8.00062400000000052e+04
17 10000.78 8.00062400000000052e+04
18 10000.78 8.00062400000000052e+04
19 10000.78 8.00062400000000198e+04
20 10000.78 8.00062400000000052e+04
1 10000.79 8.00063199999999924e+04
2 10000.79 8.00063200000000070e+04
3 10000.79 8.00063199999999924e+04
4 10000.79 8.00063200000000070e+04
5 10000.79 8.00063200000000070e+04
6 10000.79 8.00063200000000215e+04
7 10000.79 8.00063200000000070e+04
8 10000.79 8.00063200000000070e+04
9 10000.79 8.00063200000000215e+04
10 10000.79 8.00063200000000070e+04
11 10000.79 8.00063199999999924e+04
12 10000.79 8.00063200000000070e+04
13 10000.79 8.00063199999999924e+04
14 10000.79 8.00063200000000070e+04
15 10000.79 8.00063200000000070e+04
16 10000.79 8.00063200000000070e+04
17 10000.79 8.00063200000000215e+04
18 10000.79 8.00063200000000070e+04
19 10000.79 8.00063200000000215e+04
20 10000.79 8.00063200000000070e+04
1 10000.80 8.00063999999999796e+04
2 10000.80 8.00063999999999942e+04
3 10000.80 8.00064000000000087e+04
4 10000.80 8.00063999999999942e+04
5 10000.80 8.00063999999999942e+04
6 10000.80 8.00063999999999942e+04
7 10000.80 8.00063999999999942e+04
8 10000.80 8.00064000000000087e+04
9 10000.80 8.00064000000000087e+04
10 10000.80 8.00063999999999942e+04
11 10000.80 8.00063999999999942e+04
12 10000.80 8.00063999999999942e+04
13 10000.80 8.00063999999999796e+04
14 10000.80 8.00063999999999796e+04
15 10000.80 8.00063999999999942e+04
16 10000.80 8.00063999999999942e+04
17 10000.80 8.00064000000000087e+04
18 10000.80 8.00063999999999942e+04
19 10000.80 8.00063999999999942e+04
20 10000.80 8.00063999999999942e+04
1 10000.81 8.00064799999999959e+04
2 10000.81 8.00064799999999959e+04
3 10000.81 8.00064800000000105e+04
4 10000.81 8.00064799999999959e+04
5 10000.81 8.00064799999999959e+04
6 10000.81 8.00064800000000105e+04
7 10000.81 8.00064800000000105e+04
8 10000.81 8.00064799999999959e+04
9 10000.81 8.00064800000000105e+04
10 10000.81 8.00064799999999959e+04
11 10000.81 8.00064799999999959e+04
12 10000.81 8.00064799999999959e+04
13 10000.81 8.00064800000000105e+04
14 10000.81 8.00064799999999959e+04
15 10000.81 8.00064799999999814e+04
16 10000.81 8.00064800000000105e+04
17 10000.81 8.00064800000000105e+04
18 10000.81 8.00064799999999959e+04
19 10000.81 8.00064799999999959e+04
20 10000.81 8.00064799999999959e+04
1 10000.82 8.00065599999999977e+04
2 10000.82 8.00065600000000122e+04
3 10000.82 8.00065599999999977e+04
4 10000.82 8.00065599999999977e+04
5 10000.82 8.00065599999999977e+04
6 10000.82 8.00065599999999977e+04
7 10000.82 8.00065599999999977e+04
8 10000.82 8.00065599999999977e+04
9 10000.82 8.00065599999999977e+04
10 10000.82 8.00065600000000122e+04
11 10000.82 8.00065599999999977e+04
12 10000.82 8.00065599999999977e+04
13 10000.82 8.00065600000000122e+04
14 10000.82 8.00065599999999831e+04
15 10000.82 8.00065599999999977e+04
16 10000.82 8.00065599999999977e+04
17 10000.82 8.00065600000000122e+04
18 10000.82 8.00065599999999977e+04
19 10000.82 8.00065599999999977e+04
20 10000.82 8.00065599999999977e+04
1 10000.83 8.00066400000000140e+04
2 10000.83 8.00066399999999849e+04
3 10000.83 8.00066399999999994e+04
4 10000.83 8.00066399999999849e+04
5 10000.83 8.00066400000000140e+04
6 10000.83 8.00066399999999994e+04
7 10000.83 8.00066400000000140e+04
8 10000.83 8.00066399999999994e+04
9 10000.83 8.00066399999999994e+04
10 10000.83 8.00066399999999994e+04
11 10000.83 8.00066400000000140e+04
12 10000.83 8.00066399999999994e+04
13 10000.83 8.00066399999999849e+04
14 10000.83 8.00066399999999994e+04
15 10000.83 8.00066399999999994e+04
16 10000.83 8.00066399999999994e+04
17 10000.83 8.00066400000000140e+04
18 10000.83 8.00066399999999994e+04
19 10000.83 8.00066399999999994e+04
20 10000.83 8.00066399999999994e+04
1 10000.84 8.00067200000000012e+04
2 10000.84 8.00067199999999866e+04
3 10000.84 8.00067200000000012e+04
4 10000.84 8.00067200000000157e+04
5 10000.84 8.00067200000000012e+04
6 10000.84 8.00067200000000012e+04
7 10000.84 8.00067200000000012e+04
8 10000.84 8.00067200000000012e+04
9 10000.84 8.00067200000000157e+04
10 10000.84 8.00067199999999866e+04
11 10000.84 8.00067200000000012e+04
12 10000.84 8.00067200000000012e+04
13 10000.84 8.00067200000000012e+04
14 10000.84 8.00067200000000012e+04
15 10000.84 8.00067200000000012e+04
16 10000.84 8.00067200000000012e+04
17 10000.84 8.00067200000000012e+04
18 10000.84 8.00067200000000012e+04
19 10000.84 8.00067200000000157e+04
20 10000.84 8.00067199999999866e+04
1 10000.85 8.00067999999999884e+04
2 10000.85 8.00068000000000029e+04
3 10000.85 8.00067999999999884e+04
4 10000.85 8.00068000000000029e+04
5 10000.85 8.00068000000000029e+04
6 10000.85 8.00068000000000029e+04
7 10000.85 8.00068000000000175e+04
8 10000.85 8.00068000000000029e+04
9 10000.85 8.00068000000000029e+04
10 10000.85 8.00068000000000029e+04
11 10000.85 8.00068000000000175e+04
12 10000.85 8.00068000000000029e+04
13 10000.85 8.00068000000000029e+04
14 10000.85 8.00068000000000029e+04
15 10000.85 8.00068000000000029e+04
16 10000.85 8.00068000000000029e+04
17 10000.85 8.00067999999999884e+04
18 10000.85 8.00068000000000029e+04
19 10000.85 8.00068000000000175e+04
20 10000.85 8.00068000000000029e+04
1 10000.86 8.00068800000000047e+04
2 10000.86 8.00068800000000047e+04
3 10000.86 8.00068800000000047e+04
4 10000.86 8.00068800000000047e+04
5 10000.86 8.00068800000000047e+04
6 10000.86 8.00068799999999901e+04
7 10000.86 8.00068800000000047e+04
8 10000.86 8.00068800000000047e+04
9 10000.86 8.00068800000000047e+04
10 10000.86 8.00068800000000047e+04
11 10000.86 8.00068800000000192e+04
12 10000.86 8.00068800000000047e+04
13 10000.86 8.00068800000000047e+04
14 10000.86 8.00068800000000047e+04
15 10000.86 8.00068800000000047e+04
16 10000.86 8.00068800000000192e+04
17 10000.86 8.00068800000000047e+04
18 10000.86 8.00068800000000047e+04
19 10000.86 8.00068800000000047e+04
20 10000.86 8.00068800000000047e+04
1 10000.87 8.00069600000000064e+04
2 10000.87 8.00069600000000064e+04
3 10000.87 8.00069600000000064e+04
4 10000.87 8.00069599999999919e+04
5 10000.87 8.00069600000000064e+04
6 10000.87 8.00069600000000210e+04
7 10000.87 8.00069600000000064e+04
8 10000.87 8.00069599999999919e+04
9 10000.87 8.00069600000000064e+04
10 10000.87 8.00069600000000064e+04
11 10000.87 8.00069600000000064e+04
12 10000.87 8.00069600000000064e+04
13 10000.87 8.00069600000000064e+04
14 10000.87 8.00069600000000064e+04
15 10000.87 8.00069600000000064e+04
16 10000.87 8.00069599999999919e+04
17 10000.87 8.00069600000000210e+04
18 10000.87 8.00069599999999919e+04
19 10000.87 8.00069600000000064e+04
20 10000.87 8.00069600000000064e+04
1 10000.88 8.00070399999999936e+04
2 10000.88 8.00070399999999936e+04
3 10000.88 8.00070399999999790e+04
4 10000.88 8.00070399999999790e+04
5 10000.88 8.00070400000000081e+04
6 10000.88 8.00070399999999936e+04
7 10000.88 8.00070399999999936e+04
8 10000.88 8.00070400000000081e+04
9 10000.88 8.00070399999999936e+04
10 10000.88 8.00070399999999790e+04
11 10000.88 8.00070399999999936e+04
12 10000.88 8.00070399999999936e+04
13 10000.88 8.00070399999999936e+04
14 10000.88 8.00070399999999936e+04
15 10000.88 8.00070400000000081e+04
16 10000.88 8.00070399999999936e+04
17 10000.88 8.00070399999999790e+04
18 10000.88 8.00070399999999936e+04
19 10000.88 8.00070399999999936e+04
20 10000.88 8.00070399999999790e+04
1 10000.89 8.00071199999999953e+04
2 10000.89 8.00071199999999953e+04
3 10000.89 8.00071199999999808e+04
4 10000.89 8.00071199999999808e+04
5 10000.89 8.00071199999999953e+04
6 10000.89 8.00071200000000099e+04
7 10000.89 8.00071199999999953e+04
8 10000.89 8.00071200000000099e+04
9 10000.89 8.00071200000000099e+04
10 10000.89 8.00071199999999953e+04
11 10000.89 8.00071200000000099e+04
12 10000.89 8.00071200000000099e+04
13 10000.89 8.00071199999999953e+04
14 10000.89 8.00071199999999953e+04
15 10000.89 8.00071200000000099e+04
16 10000.89 8.00071199999999953e+04
17 10000.89 8.00071199999999953e+04
18 10000.89 8.00071199999999808e+04
19 10000.89 8.00071199999999953e+04
20 10000.89 8.00071199999999808e+04
1 10000.90 8.00072000000000116e+04
2 10000.90 8.00071999999999971e+04
3 10000.90 8.00071999999999971e+04
4 10000.90 8.00071999999999971e+04
5 10000.90 8.00071999999999825e+04
6 10000.90 8.00071999999999825e+04
7 10000.90 8.00071999999999971e+04
8 10000.90 8.00072000000000116e+04
9 10000.90 8.00071999999999825e+04
10 10000.90 8.00071999999999971e+04
11 10000.90 8.00071999999999971e+04
12 10000.90 8.00071999999999825e+04
13 10000.90 8.00071999999999971e+04
14 10000.90 8.00072000000000116e+04
15 10000.90 8.00071999999999971e+04
16 10000.90 8.00071999999999971e+04
17 10000.90 8.00071999999999971e+04
18 10000.90 8.00071999999999971e+04
19 10000.90 8.00071999999999971e+04
20 10000.90 8.00071999999999971e+04
1 10000.91 8.00072799999999843e+04
2 10000.91 8.00072800000000134e+04
3 10000.91 8.00072800000000134e+04
4 10000.91 8.00072799999999843e+04
5 10000.91 8.00072799999999988e+04
6 10000.91 8.00072799999999843e+04
7 10000.91 8.00072800000000134e+04
8 10000.91 8.00072800000000134e+04
9 10000.91 8.00072799999999843e+04
10 10000.91 8.00072799999999843e+04
11 10000.91 8.00072799999999843e+04
12 10000.91 8.00072799999999988e+04
13 10000.91 8.00072800000000134e+04
14 10000.91 8.00072799999999988e+04
15 10000.91 8.00072799999999988e+04
16 10000.91 8.00072799999999988e+04
17 10000.91 8.00072799999999843e+04
18 10000.91 8.00072799999999988e+04
19 10000.91 8.00072799999999988e+04
20 10000.91 8.00072799999999988e+04
1 10000.92 8.00073600000000006e+04
2 10000.92 8.00073600000000006e+04
3 10000.92 8.00073600000000006e+04
4 10000.92 8.00073599999999860e+04
5 10000.92 8.00073600000000006e+04
6 10000.92 8.00073600000000006e+04
7 10000.92 8.00073599999999860e+04
8 10000.92 8.00073600000000006e+04
9 10000.92 8.00073600000000006e+04
10 10000.92 8.00073600000000006e+04
11 10000.92 8.00073600000000006e+04
12 10000.92 8.00073600000000006e+04
13 10000.92 8.00073599999999860e+04
14 10000.92 8.00073600000000006e+04
15 10000.92 8.00073600000000151e+04
16 10000.92 8.00073599999999860e+04
17 10000.92 8.00073600000000151e+04
18 10000.92 8.00073600000000006e+04
19 10000.92 8.00073600000000006e+04
20 10000.92 8.00073599999999860e+04
1 10000.93 8.00074400000000169e+04
2 10000.93 8.00074400000000023e+04
3 10000.93 8.00074400000000023e+04
4 10000.93 8.00074400000000023e+04
5 10000.93 8.00074400000000023e+04
6 10000.93 8.00074400000000023e+04
7 10000.93 8.00074399999999878e+04
8 10000.93 8.00074400000000023e+04
9 10000.93 8.00074400000000169e+04
10 10000.93 8.00074400000000023e+04
11 10000.93 8.00074400000000169e+04
12 10000.93 8.00074400000000023e+04
13 10000.93 8.00074400000000169e+04
14 10000.93 8.00074399999999878e+04
15 10000.93 8.00074400000000023e+04
16 10000.93 8.00074400000000023e+04
17 10000.93 8.00074400000000169e+04
18 10000.93 8.00074400000000169e+04
19 10000.93 8.00074400000000023e+04
20 10000.93 8.00074400000000023e+04
1 10000.94 8.00075200000000041e+04
2 10000.94 8.00075200000000041e+04
3 10000.94 8.00075200000000041e+04
4 10000.94 8.00075200000000041e+04
5 10000.94 8.00075200000000041e+04
6 10000.94 8.00075200000000041e+04
7 10000.94 8.00075200000000332e+04
8 10000.94 8.00075200000000041e+04
9 10000.94 8.00075200000000041e+04
10 10000.94 8.00075200000000041e+04
11 10000.94 8.00075200000000041e+04
12 10000.94 8.00075200000000041e+04
13 10000.94 8.00075200000000041e+04
14 10000.94 8.00075199999999895e+04
15 10000.94 8.00075199999999895e+04
16 10000.94 8.00075200000000041e+04
17 10000.94 8.00075200000000041e+04
18 10000.94 8.00075200000000041e+04
19 10000.94 8.00075200000000041e+04
20 10000.94 8.00075199999999895e+04
1 10000.95 8.00076000000000204e+04
2 10000.95 8.00075999999999913e+04
3 10000.95 8.00076000000000204e+04
4 10000.95 8.00076000000000058e+04
5 10000.95 8.00076000000000204e+04
6 10000.95 8.00076000000000204e+04
7 10000.95 8.00076000000000058e+04
8 10000.95 8.00076000000000204e+04
9 10000.95 8.00076000000000058e+04
10 10000.95 8.00076000000000058e+04
11 10000.95 8.00076000000000204e+04
12 10000.95 8.00076000000000058e+04
13 10000.95 8.00076000000000058e+04
14 10000.95 8.00076000000000204e+04
15 10000.95 8.00076000000000058e+04
16 10000.95 8.00076000000000058e+04
17 10000.95 8.00076000000000058e+04
18 10000.95 8.00076000000000204e+04
19 10000.95 8.00076000000000058e+04
20 10000.95 8.00075999999999913e+04
1 10000.96 8.00076799999999785e+04
2 10000.96 8.00076799999999930e+04
3 10000.96 8.00076799999999930e+04
4 10000.96 8.00076799999999930e+04
5 10000.96 8.00076799999999930e+04
6 10000.96 8.00076799999999930e+04
7 10000.96 8.00076799999999785e+04
8 10000.96 8.00076799999999785e+04
9 10000.96 8.00076800000000076e+04
10 10000.96 8.00076799999999930e+04
11 10000.96 8.00076799999999930e+04
12 10000.96 8.00076799999999930e+04
13 10000.96 8.00076799999999930e+04
14 10000.96 8.00076799999999785e+04
15 10000.96 8.00076799999999785e+04
16 10000.96 8.00076799999999930e+04
17 10000.96 8.00076799999999785e+04
18 10000.96 8.00076800000000076e+04
19 10000.96 8.00076799999999930e+04
20 10000.96 8.00076799999999930e+04
1 10000.97 8.00077599999999948e+04
2 10000.97 8.00077599999999802e+04
3 10000.97 8.00077600000000093e+04
4 10000.97 8.00077599999999948e+04
5 10000.97 8.00077599999999948e+04
6 10000.97 8.00077599999999948e+04
7 10000.97 8.00077600000000093e+04
8 10000.97 8.00077599999999948e+04
9 10000.97 8.00077600000000093e+04
10 10000.97 8.00077599999999948e+04
11 10000.97 8.00077599999999948e+04
12 10000.97 8.00077600000000093e+04
13 10000.97 8.00077600000000093e+04
14 10000.97 8.00077599999999948e+04
15 10000.97 8.00077599999999948e+04
16 10000.97 8.00077599999999802e+04
17 10000.97 8.00077599999999948e+04
18 10000.97 8.00077599999999948e+04
19 10000.97 8.00077599999999948e+04
20 10000.97 8.00077599999999948e+04
1 10000.98 8.00078399999999965e+04
2 10000.98 8.00078399999999820e+04
3 10000.98 8.00078399999999965e+04
4 10000.98 8.00078400000000111e+04
5 10000.98 8.00078399999999965e+04
6 10000.98 8.00078399999999965e+04
7 10000.98 8.00078399999999965e+04
8 10000.98 8.00078399999999965e+04
9 10000.98 8.00078399999999965e+04
10 10000.98 8.00078399999999965e+04
11 10000.98 8.00078399999999965e+04
12 10000.98 8.00078399999999965e+04
13 10000.98 8.00078399999999965e+04
14 10000.98 8.00078399999999820e+04
15 10000.98 8.00078399999999820e+04
16 10000.98 8.00078399999999965e+04
17 10000.98 8.00078399999999965e+04
18 10000.98 8.00078399999999965e+04
19 10000.98 8.00078399999999965e+04
20 10000.98 8.00078399999999965e+04
1 10000.99 8.00079199999999837e+04
2 10000.99 8.00079199999999983e+04
3 10000.99 8.00079199999999837e+04
4 10000.99 8.00079199999999983e+04
5 10000.99 8.00079199999999983e+04
6 10000.99 8.00079199999999983e+04
7 10000.99 8.00079199999999837e+04
8 10000.99 8.00079199999999983e+04
9 10000.99 8.00079200000000128e+04
10 10000.99 8.00079200000000128e+04
11 10000.99 8.00079199999999983e+04
12 10000.99 8.00079199999999983e+04
13 10000.99 8.00079199999999983e+04
14 10000.99 8.00079199999999837e+04
15 10000.99 8.00079199999999983e+04
16 10000.99 8.00079199999999983e+04
17 10000.99 8.00079199999999983e+04
18 10000.99 8.00079199999999983e+04
19 10000.99 8.00079199999999983e+04
20 10000.99 8.00079199999999983e+04
1 10001.00 8.00079999999999854e+04
2 10001.00 8.00080000000000000e+04
3 10001.00 8.00079999999999854e+04
4 10001.00 8.00080000000000000e+04
5 10001.00 8.00080000000000000e+04
6 10001.00 8.00080000000000000e+04
7 10001.00 8.00080000000000000e+04
8 10001.00 8.00080000000000000e+04
9 10001.00 8.00080000000000000e+04
10 10001.00 8.00080000000000000e+04
11 10001.00 8.00079999999999854e+04
12 10001.00 8.00079999999999854e+04
13 10001.00 8.00080000000000000e+04
14 10001.00 8.00079999999999854e+04
15 10001.00 8.00080000000000000e+04
16 10001.00 8.00080000000000000e+04
17 10001.00 8.00080000000000000e+04
18 10001.00 8.00080000000000000e+04
19 10001.00 8.00079999999999854e+04
20 10001.00 8.00080000000000146e+04
